     wvl      fwhm     E0 [mW/cm2 micron]
  0.410359  0.003800   161.648
  0.413530  0.003800   171.266
  0.416699  0.003800   175.312
  0.419869  0.003800   172.313
  0.423039  0.003800   171.832
  0.426206  0.003810   168.161
  0.429376  0.003810   145.878
  0.432548  0.003800   161.006
  0.435715  0.003810   173.726
  0.438886  0.003810   174.869
  0.442055  0.003810   185.181
  0.445225  0.003810   186.142
  0.448395  0.003810   200.872
  0.451565  0.003810   205.223
  0.454735  0.003810   204.501
  0.457904  0.003810   204.225
  0.461074  0.003810   208.706
  0.464241  0.003800   208.973
  0.467411  0.003800   208.402
  0.470581  0.003800   208.388
  0.473750  0.003800   211.521
  0.476920  0.003800   211.738
  0.480091  0.003800   207.577
  0.483260  0.003800   205.117
  0.486430  0.003800   189.272
  0.489600  0.003800   197.389
  0.492770  0.003800   202.363
  0.495939  0.003800   205.066
  0.499110  0.003800   195.116
  0.502279  0.003800   193.284
  0.505449  0.003800   199.400
  0.508620  0.003800   198.642
  0.511787  0.003800   194.869
  0.514959  0.003800   188.033
  0.518125  0.003810   176.939
  0.521295  0.003810   195.340
  0.524466  0.003810   197.633
  0.527635  0.003810   192.819
  0.530805  0.003810   197.974
  0.533975  0.003810   195.636
  0.537145  0.003810   192.766
  0.540315  0.003810   188.737
  0.543484  0.003810   190.030
  0.546653  0.003800   193.241
  0.549821  0.003800   192.944
  0.552991  0.003800   192.822
  0.556161  0.003800   189.022
  0.559330  0.003800   181.833
  0.562501  0.003800   188.339
  0.565670  0.003800   188.841
  0.568840  0.003800   186.534
  0.572010  0.003800   185.243
  0.575180  0.003800   187.170
  0.578349  0.003800   186.725
  0.581520  0.003800   185.604
  0.584690  0.003800   184.524
  0.587859  0.003800   178.353
  0.591029  0.003800   176.948
  0.594196  0.003810   179.940
  0.597367  0.003800   180.841
  0.600538  0.003800   178.622
  0.603705  0.003810   177.146
  0.606875  0.003810   175.856
  0.610045  0.003810   172.709
  0.613215  0.003810   170.349
  0.616385  0.003810   166.044
  0.619555  0.003810   169.610
  0.622725  0.003810   168.258
  0.625895  0.003810   165.239
  0.629063  0.003800   167.717
  0.632234  0.003810   165.159
  0.635401  0.003800   164.411
  0.638571  0.003800   164.002
  0.641741  0.003800   160.998
  0.644911  0.003800   158.925
  0.648081  0.003800   157.136
  0.651250  0.003800   157.339
  0.654420  0.003800   153.973
  0.657590  0.003800   149.150
  0.660760  0.003800   155.334
  0.663929  0.003800   154.886
  0.667100  0.003800   154.094
  0.670269  0.003800   152.759
  0.673439  0.003800   151.114
  0.676610  0.003800   150.665
  0.679777  0.003800   150.467
  0.682946  0.003810   149.011
  0.686118  0.003800   148.118
  0.689285  0.003810   147.603
  0.692456  0.003810   146.031
  0.695625  0.003810   145.030
  0.698795  0.003810   142.432
  0.701965  0.003810   140.738
  0.705135  0.003810   141.601
  0.708305  0.003810   140.580
  0.711474  0.003810   139.115
  0.714643  0.003800   138.934
  0.717811  0.003800   138.160
  0.720981  0.003800   136.312
  0.724151  0.003800   135.575
  0.727321  0.003800   134.414
  0.730491  0.003800   133.966
  0.733661  0.003800   133.247
  0.736830  0.003800   131.710
  0.740000  0.003800   130.382
  0.743170  0.003800   129.754
  0.746340  0.003800   129.264
  0.749509  0.003800   128.469
  0.752680  0.003800   127.753
  0.755849  0.003800   126.676
  0.759019  0.003800   125.360
  0.762189  0.003800   124.732
  0.765357  0.003800   122.507
  0.768528  0.003800   121.106
  0.771695  0.003810   120.668
  0.774865  0.003810   120.363
  0.778036  0.003810   119.242
  0.781205  0.003810   119.055
  0.784375  0.003810   117.952
  0.787545  0.003810   117.281
  0.790715  0.003810   115.678
  0.793884  0.003810   113.487
  0.797053  0.003800   114.355
  0.800223  0.003800   114.156
  0.803391  0.003800   113.157
  0.806561  0.003800   112.396
  0.809731  0.003800   111.442
  0.812901  0.003800   110.903
  0.816071  0.003800   109.887
  0.819240  0.003800   107.326
  0.822410  0.003800   107.406
  0.825580  0.003800   107.787
  0.828750  0.003800   107.314
  0.831919  0.003800   105.544
  0.835089  0.003800   104.551
  0.838260  0.003800   103.460
  0.841429  0.003800   102.543
  0.844599  0.003800   101.513
  0.847767  0.003800   100.011
  0.850937  0.003800    96.803
  0.854108  0.003800    91.946
  0.857275  0.003810    98.236
  0.860445  0.003810    98.098
  0.863616  0.003810    97.022
  0.866785  0.003810    89.741
  0.869955  0.003810    95.267
  0.873125  0.003810    96.017
  0.876295  0.003810    94.063
  0.879464  0.003810    93.792
  0.882633  0.003800    93.383
  0.885803  0.003800    92.571
  0.888971  0.003800    92.876
  0.892141  0.003800    92.365
  0.895311  0.003800    91.813
  0.898480  0.003800    90.723
  0.901651  0.003800    88.454
  0.904820  0.003800    89.066
  0.907990  0.003800    87.070
  0.911160  0.003800    87.173
  0.914330  0.003800    87.904
  0.917499  0.003800    87.342
  0.920669  0.003800    85.709
  0.923840  0.003800    83.330
  0.927008  0.003800    84.514
  0.930179  0.003800    84.962
  0.933347  0.003800    84.417
  0.936517  0.003800    83.741
  0.939689  0.003800    82.009
  0.942855  0.003810    79.568
  0.946025  0.003810    81.228
  0.949196  0.003810    81.353
  0.952365  0.002870    80.509
  0.954750  0.006520    79.390
  0.960185  0.006530    78.942
  0.965619  0.006520    77.988
  0.971054  0.006520    77.407
  0.976488  0.006520    76.650
  0.981923  0.006520    75.803
  0.987357  0.006520    74.909
  0.992792  0.006520    73.899
  0.998226  0.006520    72.628
  1.003660  0.006520    71.266
  1.009100  0.006520    71.062
  1.014530  0.006520    70.596
  1.019960  0.006520    69.838
  1.025400  0.006520    69.008
  1.030830  0.006520    68.139
  1.036270  0.006520    67.329
  1.041700  0.006520    66.673
  1.047140  0.006520    65.806
  1.052570  0.006520    65.240
  1.058010  0.006520    64.117
  1.063440  0.006520    63.419
  1.068880  0.006520    61.872
  1.074310  0.006520    61.604
  1.079740  0.006520    60.984
  1.085180  0.006520    60.260
  1.090610  0.006520    59.514
  1.096050  0.006520    58.280
  1.101480  0.006520    58.822
  1.106920  0.006520    58.440
  1.112350  0.006520    57.840
  1.117790  0.006520    57.218
  1.123220  0.006520    56.380
  1.128650  0.006520    55.758
  1.134090  0.006520    55.255
  1.139520  0.006520    54.427
  1.144960  0.006520    54.191
  1.150391  0.006520    53.700
  1.155830  0.006520    53.135
  1.161260  0.006520    52.474
  1.166700  0.006520    51.733
  1.172130  0.006520    51.271
  1.177570  0.006520    50.469
  1.183000  0.006520    49.990
  1.188430  0.006520    49.700
  1.193870  0.006520    49.254
  1.199300  0.006520    48.416
  1.204740  0.006520    48.106
  1.210170  0.006520    47.582
  1.215610  0.006520    47.467
  1.221040  0.006520    47.028
  1.226480  0.006520    46.393
  1.231910  0.006520    46.063
  1.237350  0.006520    45.586
  1.242780  0.006520    45.128
  1.248210  0.006520    44.754
  1.253650  0.006520    44.238
  1.259080  0.006520    43.755
  1.264520  0.006520    43.407
  1.269950  0.006520    42.973
  1.275391  0.006520    42.508
  1.280820  0.006520    40.978
  1.286260  0.006520    41.312
  1.291690  0.006520    41.369
  1.297120  0.006520    41.039
  1.302560  0.006520    40.664
  1.307990  0.006520    40.242
  1.313430  0.006520    39.553
  1.318860  0.006520    39.446
  1.324300  0.006520    39.175
  1.329730  0.006520    38.818
  1.335170  0.006520    38.461
  1.340600  0.006520    38.112
  1.346040  0.006520    37.754
  1.351470  0.006520    37.363
  1.356900  0.006520    37.009
  1.362340  0.006520    36.730
  1.367770  0.006520    36.377
  1.373211  0.006520    35.998
  1.378640  0.006520    35.711
  1.384080  0.006520    35.427
  1.389510  0.006520    35.110
  1.394951  0.006520    34.792
  1.400380  0.006520    34.479
  1.405820  0.006520    34.167
  1.411250  0.006520    33.864
  1.416680  0.006520    33.539
  1.422120  0.006520    33.260
  1.427550  0.006520    32.963
  1.432991  0.006520    32.665
  1.438420  0.006520    32.253
  1.443860  0.006520    31.833
  1.449290  0.006520    31.775
  1.454731  0.006520    31.402
  1.460160  0.006520    31.347
  1.465600  0.006520    31.127
  1.471030  0.006520    30.877
  1.476460  0.006520    30.541
  1.481900  0.006520    30.276
  1.487330  0.006520    29.839
  1.492770  0.006520    29.787
  1.498200  0.006520    29.372
  1.503640  0.006520    28.630
  1.509070  0.006520    28.773
  1.514511  0.006520    28.536
  1.519940  0.006520    28.254
  1.525370  0.006520    27.963
  1.530810  0.006520    27.813
  1.536240  0.006520    27.391
  1.541680  0.006520    27.171
  1.547111  0.006520    26.970
  1.552550  0.006520    26.761
  1.557980  0.006520    26.279
  1.563420  0.006520    26.509
  1.568850  0.006520    25.752
  1.574291  0.006520    25.840
  1.579720  0.006520    25.831
  1.585150  0.006520    25.187
  1.590591  0.006520    24.608
  1.596020  0.006520    25.059
  1.601460  0.006520    24.874
  1.606890  0.006520    24.408
  1.612330  0.006520    23.713
  1.617760  0.006520    24.240
  1.623201  0.006520    24.110
  1.628630  0.006520    23.902
  1.634070  0.006520    23.619
  1.639500  0.006520    22.758
  1.644930  0.006520    22.869
  1.650370  0.006520    22.932
  1.655800  0.006520    22.712
  1.661240  0.006520    22.448
  1.666670  0.006520    22.184
  1.672110  0.006520    21.736
  1.677540  0.006520    21.178
  1.682980  0.006520    20.816
  1.688410  0.006520    21.022
  1.693840  0.006520    20.938
  1.699280  0.006520    20.731
  1.704710  0.006520    20.480
  1.710150  0.006520    20.136
  1.715580  0.006520    20.015
  1.721020  0.006520    19.794
  1.726450  0.006520    19.495
  1.731890  0.006520    18.947
  1.737320  0.006520    18.082
  1.742761  0.006520    18.666
  1.748190  0.006520    18.619
  1.753620  0.006520    18.465
  1.759061  0.006520    18.294
  1.764490  0.006520    18.094
  1.769930  0.006520    17.946
  1.775360  0.006520    17.725
  1.780800  0.006520    17.470
  1.786230  0.006520    17.338
  1.791670  0.006520    17.163
  1.797100  0.006520    16.965
  1.802541  0.006520    16.736
  1.807970  0.006520    16.431
  1.813400  0.006520    16.093
  1.818841  0.006520    15.412
  1.824270  0.006520    15.916
  1.829710  0.006520    15.897
  1.835140  0.006520    15.755
  1.840580  0.006520    15.606
  1.846010  0.006520    15.343
  1.851450  0.006520    15.241
  1.856880  0.006520    15.114
  1.862310  0.006520    14.944
  1.867750  0.006520    14.709
  1.873181  0.006520    13.898
  1.878621  0.006520    13.861
  1.884050  0.006520    14.253
  1.889490  0.006520    14.184
  1.894920  0.006520    14.049
  1.900360  0.006520    13.912
  1.905790  0.006520    13.786
  1.911230  0.006520    13.640
  1.916660  0.006520    13.500
  1.922090  0.006520    13.361
  1.927530  0.006520    13.219
  1.932961  0.006520    13.066
  1.938401  0.006520    12.847
  1.943830  0.006520    12.218
  1.949270  0.006520    12.428
  1.954700  0.006520    12.539
  1.960140  0.006520    12.449
  1.965570  0.006520    12.333
  1.971011  0.006520    12.197
  1.976440  0.006520    12.071
  1.981870  0.006520    11.960
  1.987310  0.006520    11.851
  1.992740  0.006520    11.739
  1.998180  0.006520    11.629
  2.003610  0.006520    11.514
  2.009051  0.006520    11.406
  2.014480  0.006520    11.294
  2.019921  0.006520    11.186
  2.025350  0.006520    11.078
  2.030790  0.006520    10.971
  2.036220  0.006520    10.866
  2.041650  0.006520    10.762
  2.047091  0.006520    10.658
  2.052520  0.006520    10.556
  2.057960  0.006520    10.455
  2.063390  0.006520    10.356
  2.068830  0.006520    10.257
  2.074260  0.006520    10.160
  2.079701  0.006520    10.064
  2.085130  0.006520     9.968
  2.090560  0.006520     9.875
  2.096000  0.006520     9.781
  2.101430  0.006520     9.681
  2.106871  0.006520     9.596
  2.112300  0.006520     9.507
  2.117741  0.006520     9.403
  2.123170  0.006520     9.317
  2.128610  0.006520     9.232
  2.134040  0.006520     9.155
  2.139480  0.006520     9.071
  2.144910  0.006520     8.990
  2.150340  0.006520     8.896
  2.155780  0.006520     8.801
  2.161210  0.006520     8.608
  2.166650  0.006520     8.245
  2.172080  0.006520     8.491
  2.177520  0.006520     8.489
  2.182950  0.006520     8.426
  2.188390  0.006520     8.352
  2.193820  0.006520     8.271
  2.199260  0.006520     8.202
  2.204690  0.006520     8.100
  2.210120  0.006520     8.029
  2.215560  0.006520     7.985
  2.220990  0.006520     7.917
  2.226430  0.006520     7.847
  2.231860  0.006520     7.777
  2.237300  0.006520     7.709
  2.242730  0.006520     7.642
  2.248170  0.006520     7.575
  2.253600  0.006520     7.508
  2.259030  0.006520     7.442
  2.264470  0.006520     7.376
  2.269901  0.006520     7.312
  2.275340  0.006520     7.249
  2.280771  0.006520     7.194
  2.286211  0.006520     7.132
  2.291640  0.006520     7.032
  2.297080  0.006520     6.952
  2.302510  0.006520     6.918
  2.307950  0.006520     6.867
  2.313380  0.006520     6.814
  2.318810  0.006520     6.743
  2.324251  0.006520     6.616
  2.329681  0.006520     6.597
  2.335120  0.006520     6.540
  2.340551  0.006520     6.498
  2.345991  0.006520     6.466
  2.351420  0.006520     6.357
  2.356861  0.006520     6.292
  2.362290  0.006520     6.276
  2.367731  0.006520     6.239
  2.373160  0.006520     6.146
  2.378590  0.006520     6.110
  2.384031  0.006520     5.963
  2.389461  0.006520     5.951
  2.394900  0.006520     5.910
  2.400330  0.006520     5.877
  2.405770  0.006520     5.809
  2.411200  0.006520     5.801
  2.416640  0.006520     5.623
  2.422071  0.006520     5.696
  2.427500  0.006520     5.627
  2.432940  0.006520     5.521
  2.438370  0.006520     5.585
  2.443810  0.006520     5.501
  2.449240  0.006520     5.317
  2.454681  0.006520     5.417
  2.460110  0.006520     5.397
  2.465551  0.006520     5.313
  2.470980  0.006520     5.167
  2.476421  0.006520     5.249
  2.481851  0.006520     5.204
  2.487280  0.006520     5.170
  2.492721  0.006520     5.019
  2.498150  0.006520     4.998
  2.503591  0.006520     5.060
  2.509021  0.006520     5.023
