pixel vinkelx vinkely
0 -0.29526800292083244000 0.00065651584862886595
1 -0.29489233080667221000 0.00065651584862886595
2 -0.29451673809389822000 0.00065651584862886595
3 -0.29414122473800242000 0.00065651584862886595
4 -0.29376579069447661000 0.00065651584862886595
5 -0.29339043591881264000 0.00065651584862886595
6 -0.29301516036650255000 0.00065651584862886595
7 -0.29263996399303815000 0.00065651584862886595
8 -0.29226484675391140000 0.00065651584862886595
9 -0.29188980860461411000 0.00065651584862886595
10 -0.29151484950063822000 0.00065651584862886595
11 -0.29113996939747566000 0.00065651584862886595
12 -0.29076516825061827000 0.00065651584862886595
13 -0.29039044601555808000 0.00065651584862886595
14 -0.29001580264778681000 0.00065651584862886595
15 -0.28964123810279652000 0.00065651584862886595
16 -0.28926675233607901000 0.00065651584862886595
17 -0.28889234530312624000 0.00065651584862886595
18 -0.28851801695943002000 0.00065651584862886595
19 -0.28814376726048230000 0.00065651584862886595
20 -0.28776959616177511000 0.00065651584862886595
21 -0.28739550361880006000 0.00065651584862886595
22 -0.28702148958704932000 0.00065651584862886595
23 -0.28664755402201469000 0.00065651584862886595
24 -0.28627369687918813000 0.00065651584862886595
25 -0.28589991811406135000 0.00065651584862886595
26 -0.28552621768212649000 0.00065651584862886595
27 -0.28515259553887529000 0.00065651584862886595
28 -0.28477905163979966000 0.00065651584862886595
29 -0.28440558594039156000 0.00065651584862886595
30 -0.28403219839614291000 0.00065651584862886595
31 -0.28365888896254554000 0.00065651584862886595
32 -0.28328565759509139000 0.00065651584862886595
33 -0.28291250424927239000 0.00065651584862886595
34 -0.28253942888058037000 0.00065651584862886595
35 -0.28216643144450726000 0.00065651584862886595
36 -0.28179351189654489000 0.00065651584862886595
37 -0.28142067019218531000 0.00065651584862886595
38 -0.28104790628692033000 0.00065651584862886595
39 -0.28067522013624191000 0.00065651584862886595
40 -0.28030261169564186000 0.00065651584862886595
41 -0.27993008092061211000 0.00065651584862886595
42 -0.27955762776664450000 0.00065651584862886595
43 -0.27918525218923107000 0.00065651584862886595
44 -0.27881295414386364000 0.00065651584862886595
45 -0.27844073358603416000 0.00065651584862886595
46 -0.27806859047123444000 0.00065651584862886595
47 -0.27769652475495643000 0.00065651584862886595
48 -0.27732453639269206000 0.00065651584862886595
49 -0.27695262533993315000 0.00065651584862886595
50 -0.27658079155217175000 0.00065651584862886595
51 -0.27620903498489957000 0.00065651584862886595
52 -0.27583735559360867000 0.00065651584862886595
53 -0.27546575333379075000 0.00065651584862886595
54 -0.27509422816093798000 0.00065651584862886595
55 -0.27472278003054207000 0.00065651584862886595
56 -0.27435140889809495000 0.00065651584862886595
57 -0.27398011471908856000 0.00065651584862886595
58 -0.27360889744901473000 0.00065651584862886595
59 -0.27323775704336550000 0.00065651584862886595
60 -0.27286669345763270000 0.00065651584862886595
61 -0.27249570664730804000 0.00065651584862886595
62 -0.27212479656788380000 0.00065651584862886595
63 -0.27175396317485156000 0.00065651584862886595
64 -0.27138320642370328000 0.00065651584862886595
65 -0.27101252626993100000 0.00065651584862886595
66 -0.27064192266902654000 0.00065651584862886595
67 -0.27027139557648172000 0.00065651584862886595
68 -0.26990094494778849000 0.00065651584862886595
69 -0.26953057073843889000 0.00065651584862886595
70 -0.26916027290392464000 0.00065651584862886595
71 -0.26879005139973766000 0.00065651584862886595
72 -0.26841990618136990000 0.00065651584862886595
73 -0.26804983720431330000 0.00065651584862886595
74 -0.26767984442405968000 0.00065651584862886595
75 -0.26730992779610097000 0.00065651584862886595
76 -0.26694008727592911000 0.00065651584862886595
77 -0.26657032281903592000 0.00065651584862886595
78 -0.26620063438091335000 0.00065651584862886595
79 -0.26583102191705321000 0.00065651584862886595
80 -0.26546148538294756000 0.00065651584862886595
81 -0.26509202473408822000 0.00065651584862886595
82 -0.26472263992596712000 0.00065651584862886595
83 -0.26435333091407609000 0.00065651584862886595
84 -0.26398409765390707000 0.00065651584862886595
85 -0.26361494010095199000 0.00065651584862886595
86 -0.26324585821070268000 0.00065651584862886595
87 -0.26287685193865107000 0.00065651584862886595
88 -0.26250792124028910000 0.00065651584862886595
89 -0.26213906607110860000 0.00065651584862886595
90 -0.26177028638660160000 0.00065651584862886595
91 -0.26140158214225984000 0.00065651584862886595
92 -0.26103295329357534000 0.00065651584862886595
93 -0.26066439979603984000 0.00065651584862886595
94 -0.26029592160514547000 0.00065651584862886595
95 -0.25992751867638397000 0.00065651584862886595
96 -0.25955919096524727000 0.00065651584862886595
97 -0.25919093842722729000 0.00065651584862886595
98 -0.25882276101781598000 0.00065651584862886595
99 -0.25845465869250506000 0.00065651584862886595
100 -0.25808663140678667000 0.00065651584862886595
101 -0.25771867911615254000 0.00065651584862886595
102 -0.25735080177609460000 0.00065651584862886595
103 -0.25698299934210478000 0.00065651584862886595
104 -0.25661527176967491000 0.00065651584862886595
105 -0.25624761901429705000 0.00065651584862886595
106 -0.25588004103146289000 0.00065651584862886595
107 -0.25551253777666461000 0.00065651584862886595
108 -0.25514510920539379000 0.00065651584862886595
109 -0.25477775527314250000 0.00065651584862886595
110 -0.25441047593540267000 0.00065651584862886595
111 -0.25404327114766612000 0.00065651584862886595
112 -0.25367614086542478000 0.00065651584862886595
113 -0.25330908504417060000 0.00065651584862886595
114 -0.25294210363939540000 0.00065651584862886595
115 -0.25257519660659111000 0.00065651584862886595
116 -0.25220836390124968000 0.00065651584862886595
117 -0.25184160547886281000 0.00065651584862886595
118 -0.25147492129492266000 0.00065651584862886595
119 -0.25110831130492106000 0.00065651584862886595
120 -0.25074177546434984000 0.00065651584862886595
121 -0.25037531372870081000 0.00065651584862886595
122 -0.25000892605346614000 0.00065651584862886595
123 -0.24964261239413754000 0.00065651584862886595
124 -0.24927637270620695000 0.00065651584862886595
125 -0.24891020694516619000 0.00065651584862886595
126 -0.24854411506650731000 0.00065651584862886595
127 -0.24817809702572213000 0.00065651584862886595
128 -0.24781215277830260000 0.00065651584862886595
129 -0.24744628227974053000 0.00065651584862886595
130 -0.24708048548552797000 0.00065651584862886595
131 -0.24671476235115664000 0.00065651584862886595
132 -0.24634911283211847000 0.00065651584862886595
133 -0.24598353688390551000 0.00065651584862886595
134 -0.24561803446200947000 0.00065651584862886595
135 -0.24525260552192241000 0.00065651584862886595
136 -0.24488725001913614000 0.00065651584862886595
137 -0.24452196790914260000 0.00065651584862886595
138 -0.24415675914743362000 0.00065651584862886595
139 -0.24379162368950114000 0.00065651584862886595
140 -0.24342656149083708000 0.00065651584862886595
141 -0.24306157250693339000 0.00065651584862886595
142 -0.24269665669328189000 0.00065651584862886595
143 -0.24233181400537451000 0.00065651584862886595
144 -0.24196704439870309000 0.00065651584862886595
145 -0.24160234782875956000 0.00065651584862886595
146 -0.24123772425103596000 0.00065651584862886595
147 -0.24087317362102389000 0.00065651584862886595
148 -0.24050869589421564000 0.00065651584862886595
149 -0.24014429102610280000 0.00065651584862886595
150 -0.23977995897217730000 0.00065651584862886595
151 -0.23941569968793119000 0.00065651584862886595
152 -0.23905151312885631000 0.00065651584862886595
153 -0.23868739925044447000 0.00065651584862886595
154 -0.23832335800818771000 0.00065651584862886595
155 -0.23795938935757777000 0.00065651584862886595
156 -0.23759549325410678000 0.00065651584862886595
157 -0.23723166965326636000 0.00065651584862886595
158 -0.23686791851054867000 0.00065651584862886595
159 -0.23650423978144541000 0.00065651584862886595
160 -0.23614063342144853000 0.00065651584862886595
161 -0.23577709938605007000 0.00065651584862886595
162 -0.23541363763074175000 0.00065651584862886595
163 -0.23505024811101560000 0.00065651584862886595
164 -0.23468693078236336000 0.00065651584862886595
165 -0.23432368560027705000 0.00065651584862886595
166 -0.23396051252024863000 0.00065651584862886595
167 -0.23359741149776991000 0.00065651584862886595
168 -0.23323438248833273000 0.00065651584862886595
169 -0.23287142544742911000 0.00065651584862886595
170 -0.23250854033055091000 0.00065651584862886595
171 -0.23214572709318992000 0.00065651584862886595
172 -0.23178298569083822000 0.00065651584862886595
173 -0.23142031607898761000 0.00065651584862886595
174 -0.23105771821313004000 0.00065651584862886595
175 -0.23069519204875744000 0.00065651584862886595
176 -0.23033273754136152000 0.00065651584862886595
177 -0.22997035464643445000 0.00065651584862886595
178 -0.22960804331946782000 0.00065651584862886595
179 -0.22924580351595381000 0.00065651584862886595
180 -0.22888363519138422000 0.00065651584862886595
181 -0.22852153830125088000 0.00065651584862886595
182 -0.22815951280104585000 0.00065651584862886595
183 -0.22779755864626083000 0.00065651584862886595
184 -0.22743567579238788000 0.00065651584862886595
185 -0.22707386419491882000 0.00065651584862886595
186 -0.22671212380934547000 0.00065651584862886595
187 -0.22635045459115999000 0.00065651584862886595
188 -0.22598885649585398000 0.00065651584862886595
189 -0.22562732947891961000 0.00065651584862886595
190 -0.22526587349584859000 0.00065651584862886595
191 -0.22490448850213285000 0.00065651584862886595
192 -0.22454317445326444000 0.00065651584862886595
193 -0.22418193130473496000 0.00065651584862886595
194 -0.22382075901203669000 0.00065651584862886595
195 -0.22345965753066110000 0.00065651584862886595
196 -0.22309862681610049000 0.00065651584862886595
197 -0.22273766682384655000 0.00065651584862886595
198 -0.22237677750939122000 0.00065651584862886595
199 -0.22201595882822645000 0.00065651584862886595
200 -0.22165521073584404000 0.00065651584862886595
201 -0.22129453318773595000 0.00065651584862886595
202 -0.22093392613939400000 0.00065651584862886595
203 -0.22057338954631023000 0.00065651584862886595
204 -0.22021292336397646000 0.00065651584862886595
205 -0.21985252754788465000 0.00065651584862886595
206 -0.21949220205352660000 0.00065651584862886595
207 -0.21913194683639425000 0.00065651584862886595
208 -0.21877176185197955000 0.00065651584862886595
209 -0.21841164705577432000 0.00065651584862886595
210 -0.21805160240327048000 0.00065651584862886595
211 -0.21769162784995999000 0.00065651584862886595
212 -0.21733172335133477000 0.00065651584862886595
213 -0.21697188886288654000 0.00065651584862886595
214 -0.21661212434010735000 0.00065651584862886595
215 -0.21625242973848913000 0.00065651584862886595
216 -0.21589280501352370000 0.00065651584862886595
217 -0.21553325012070290000 0.00065651584862886595
218 -0.21517376501551877000 0.00065651584862886595
219 -0.21481434965346324000 0.00065651584862886595
220 -0.21445500399002804000 0.00065651584862886595
221 -0.21409572798070509000 0.00065651584862886595
222 -0.21373652158098644000 0.00065651584862886595
223 -0.21337738474636392000 0.00065651584862886595
224 -0.21301831743232935000 0.00065651584862886595
225 -0.21265931959437467000 0.00065651584862886595
226 -0.21230039118799182000 0.00065651584862886595
227 -0.21194153216867273000 0.00065651584862886595
228 -0.21158274249190923000 0.00065651584862886595
229 -0.21122402211319313000 0.00065651584862886595
230 -0.21086537098801661000 0.00065651584862886595
231 -0.21050678907187126000 0.00065651584862886595
232 -0.21014827632024924000 0.00065651584862886595
233 -0.20978983268864226000 0.00065651584862886595
234 -0.20943145813254227000 0.00065651584862886595
235 -0.20907315260744130000 0.00065651584862886595
236 -0.20871491606883108000 0.00065651584862886595
237 -0.20835674847220353000 0.00065651584862886595
238 -0.20799864977305060000 0.00065651584862886595
239 -0.20764061992686422000 0.00065651584862886595
240 -0.20728265888913622000 0.00065651584862886595
241 -0.20692476661535852000 0.00065651584862886595
242 -0.20656694306102308000 0.00065651584862886595
243 -0.20620918818162171000 0.00065651584862886595
244 -0.20585150193264640000 0.00065651584862886595
245 -0.20549388426958892000 0.00065651584862886595
246 -0.20513633514794133000 0.00065651584862886595
247 -0.20477885452319539000 0.00065651584862886595
248 -0.20442144235084309000 0.00065651584862886595
249 -0.20406409858637631000 0.00065651584862886595
250 -0.20370682318528693000 0.00065651584862886595
251 -0.20334961610306684000 0.00065651584862886595
252 -0.20299247729520797000 0.00065651584862886595
253 -0.20263540671720226000 0.00065651584862886595
254 -0.20227840432454147000 0.00065651584862886595
255 -0.20192147007271766000 0.00065651584862886595
256 -0.20156460391722264000 0.00065651584862886595
257 -0.20120780581354836000 0.00065651584862886595
258 -0.20085107571718663000 0.00065651584862886595
259 -0.20049441358362946000 0.00065651584862886595
260 -0.20013781936836866000 0.00065651584862886595
261 -0.19978129302689618000 0.00065651584862886595
262 -0.19942483451470394000 0.00065651584862886595
263 -0.19906844378728378000 0.00065651584862886595
264 -0.19871212080012768000 0.00065651584862886595
265 -0.19835586550872741000 0.00065651584862886595
266 -0.19799967786857503000 0.00065651584862886595
267 -0.19764355783516230000 0.00065651584862886595
268 -0.19728750536398121000 0.00065651584862886595
269 -0.19693152041052364000 0.00065651584862886595
270 -0.19657560293028148000 0.00065651584862886595
271 -0.19621975287874660000 0.00065651584862886595
272 -0.19586397021141094000 0.00065651584862886595
273 -0.19550825488376644000 0.00065651584862886595
274 -0.19515260685130487000 0.00065651584862886595
275 -0.19479702606951826000 0.00065651584862886595
276 -0.19444151249389846000 0.00065651584862886595
277 -0.19408606607993739000 0.00065651584862886595
278 -0.19373068678312688000 0.00065651584862886595
279 -0.19337537455895892000 0.00065651584862886595
280 -0.19302012936292534000 0.00065651584862886595
281 -0.19266495115051807000 0.00065651584862886595
282 -0.19230983987722905000 0.00065651584862886595
283 -0.19195479549855010000 0.00065651584862886595
284 -0.19159981796997316000 0.00065651584862886595
285 -0.19124490724699017000 0.00065651584862886595
286 -0.19089006328509295000 0.00065651584862886595
287 -0.19053528603977343000 0.00065651584862886595
288 -0.19018057546652356000 0.00065651584862886595
289 -0.18982593152083521000 0.00065651584862886595
290 -0.18947135415820027000 0.00065651584862886595
291 -0.18911684333411061000 0.00065651584862886595
292 -0.18876239900405817000 0.00065651584862886595
293 -0.18840802112353483000 0.00065651584862886595
294 -0.18805370964803253000 0.00065651584862886595
295 -0.18769946453304309000 0.00065651584862886595
296 -0.18734528573405851000 0.00065651584862886595
297 -0.18699117320657066000 0.00065651584862886595
298 -0.18663712690607137000 0.00065651584862886595
299 -0.18628314678805258000 0.00065651584862886595
300 -0.18592923280800622000 0.00065651584862886595
301 -0.18557538492142422000 0.00065651584862886595
302 -0.18522160308379837000 0.00065651584862886595
303 -0.18486788725062064000 0.00065651584862886595
304 -0.18451423737738293000 0.00065651584862886595
305 -0.18416065341957716000 0.00065651584862886595
306 -0.18380713533269516000 0.00065651584862886595
307 -0.18345368307222887000 0.00065651584862886595
308 -0.18310029659367022000 0.00065651584862886595
309 -0.18274697585251104000 0.00065651584862886595
310 -0.18239372080424332000 0.00065651584862886595
311 -0.18204053140435883000 0.00065651584862886595
312 -0.18168740760834967000 0.00065651584862886595
313 -0.18133434937170750000 0.00065651584862886595
314 -0.18098135664992443000 0.00065651584862886595
315 -0.18062842939849222000 0.00065651584862886595
316 -0.18027556757290286000 0.00065651584862886595
317 -0.17992277112864818000 0.00065651584862886595
318 -0.17957004002122012000 0.00065651584862886595
319 -0.17921737420611056000 0.00065651584862886595
320 -0.17886477363881143000 0.00065651584862886595
321 -0.17851223827481461000 0.00065651584862886595
322 -0.17815976806961198000 0.00065651584862886595
323 -0.17780736297869548000 0.00065651584862886595
324 -0.17745502295755700000 0.00065651584862886595
325 -0.17710274796168834000 0.00065651584862886595
326 -0.17675053794658158000 0.00065651584862886595
327 -0.17639839286772852000 0.00065651584862886595
328 -0.17604631268062110000 0.00065651584862886595
329 -0.17569429734075115000 0.00065651584862886595
330 -0.17534234680361060000 0.00065651584862886595
331 -0.17499046102469140000 0.00065651584862886595
332 -0.17463863995948536000 0.00065651584862886595
333 -0.17428688356348448000 0.00065651584862886595
334 -0.17393519179218059000 0.00065651584862886595
335 -0.17358356460106561000 0.00065651584862886595
336 -0.17323200194563143000 0.00065651584862886595
337 -0.17288050378136999000 0.00065651584862886595
338 -0.17252907006377310000 0.00065651584862886595
339 -0.17217770074833277000 0.00065651584862886595
340 -0.17182639579054088000 0.00065651584862886595
341 -0.17147515514588929000 0.00065651584862886595
342 -0.17112397876986984000 0.00065651584862886595
343 -0.17077286661797458000 0.00065651584862886595
344 -0.17042181864569528000 0.00065651584862886595
345 -0.17007083480852392000 0.00065651584862886595
346 -0.16971991506195233000 0.00065651584862886595
347 -0.16936905936147251000 0.00065651584862886595
348 -0.16901826766257622000 0.00065651584862886595
349 -0.16866753992075556000 0.00065651584862886595
350 -0.16831687609150220000 0.00065651584862886595
351 -0.16796627613030823000 0.00065651584862886595
352 -0.16761573999266538000 0.00065651584862886595
353 -0.16726526763406568000 0.00065651584862886595
354 -0.16691485901000103000 0.00065651584862886595
355 -0.16656451407596329000 0.00065651584862886595
356 -0.16621423278744429000 0.00065651584862886595
357 -0.16586401509993609000 0.00065651584862886595
358 -0.16551386096893045000 0.00065651584862886595
359 -0.16516377034991930000 0.00065651584862886595
360 -0.16481374319839459000 0.00065651584862886595
361 -0.16446377946984819000 0.00065651584862886595
362 -0.16411387911977204000 0.00065651584862886595
363 -0.16376404210365791000 0.00065651584862886595
364 -0.16341426837699791000 0.00065651584862886595
365 -0.16306455789528373000 0.00065651584862886595
366 -0.16271491061400739000 0.00065651584862886595
367 -0.16236532648866076000 0.00065651584862886595
368 -0.16201580547473571000 0.00065651584862886595
369 -0.16166634752772419000 0.00065651584862886595
370 -0.16131695260311807000 0.00065651584862886595
371 -0.16096762065640929000 0.00065651584862886595
372 -0.16061835164308969000 0.00065651584862886595
373 -0.16026914551865123000 0.00065651584862886595
374 -0.15992000223858577000 0.00065651584862886595
375 -0.15957092175838522000 0.00065651584862886595
376 -0.15922190403354147000 0.00065651584862886595
377 -0.15887294901954646000 0.00065651584862886595
378 -0.15852405667189207000 0.00065651584862886595
379 -0.15817522694607011000 0.00065651584862886595
380 -0.15782645979757265000 0.00065651584862886595
381 -0.15747775518189144000 0.00065651584862886595
382 -0.15712911305451849000 0.00065651584862886595
383 -0.15678053337094561000 0.00065651584862886595
384 -0.15643201608666479000 0.00065651584862886595
385 -0.15608356115716782000 0.00065651584862886595
386 -0.15573516853794667000 0.00065651584862886595
387 -0.15538683818449328000 0.00065651584862886595
388 -0.15503857005229948000 0.00065651584862886595
389 -0.15469036409685716000 0.00065651584862886595
390 -0.15434222027365829000 0.00065651584862886595
391 -0.15399413853819466000 0.00065651584862886595
392 -0.15364611884595836000 0.00065651584862886595
393 -0.15329816115244110000 0.00065651584862886595
394 -0.15295026541313483000 0.00065651584862886595
395 -0.15260243158353148000 0.00065651584862886595
396 -0.15225465961912299000 0.00065651584862886595
397 -0.15190694947540118000 0.00065651584862886595
398 -0.15155930110785798000 0.00065651584862886595
399 -0.15121171447198528000 0.00065651584862886595
400 -0.15086418952327496000 0.00065651584862886595
401 -0.15051672621721901000 0.00065651584862886595
402 -0.15016932450930931000 0.00065651584862886595
403 -0.14982198435503763000 0.00065651584862886595
404 -0.14947470570989596000 0.00065651584862886595
405 -0.14912748852937630000 0.00065651584862886595
406 -0.14878033276897035000 0.00065651584862886595
407 -0.14843323838417011000 0.00065651584862886595
408 -0.14808620533046757000 0.00065651584862886595
409 -0.14773923356335450000 0.00065651584862886595
410 -0.14739232303832284000 0.00065651584862886595
411 -0.14704547371086440000 0.00065651584862886595
412 -0.14669868553647125000 0.00065651584862886595
413 -0.14635195847063520000 0.00065651584862886595
414 -0.14600529246884819000 0.00065651584862886595
415 -0.14565868748660210000 0.00065651584862886595
416 -0.14531214347938881000 0.00065651584862886595
417 -0.14496566040270020000 0.00065651584862886595
418 -0.14461923821202827000 0.00065651584862886595
419 -0.14427287686286472000 0.00065651584862886595
420 -0.14392657631070166000 0.00065651584862886595
421 -0.14358033651103091000 0.00065651584862886595
422 -0.14323415741934442000 0.00065651584862886595
423 -0.14288803899113395000 0.00065651584862886595
424 -0.14254198118189154000 0.00065651584862886595
425 -0.14219598394710903000 0.00065651584862886595
426 -0.14185004724227834000 0.00065651584862886595
427 -0.14150417102289137000 0.00065651584862886595
428 -0.14115835524443998000 0.00065651584862886595
429 -0.14081259986241612000 0.00065651584862886595
430 -0.14046690483231161000 0.00065651584862886595
431 -0.14012127010961850000 0.00065651584862886595
432 -0.13977569564982861000 0.00065651584862886595
433 -0.13943018140843377000 0.00065651584862886595
434 -0.13908472734092592000 0.00065651584862886595
435 -0.13873933340279704000 0.00065651584862886595
436 -0.13839399954953896000 0.00065651584862886595
437 -0.13804872573664356000 0.00065651584862886595
438 -0.13770351191960284000 0.00065651584862886595
439 -0.13735835805390856000 0.00065651584862886595
440 -0.13701326409505271000 0.00065651584862886595
441 -0.13666822999852712000 0.00065651584862886595
442 -0.13632325571982384000 0.00065651584862886595
443 -0.13597834121443464000 0.00065651584862886595
444 -0.13563348643785145000 0.00065651584862886595
445 -0.13528869134556615000 0.00065651584862886595
446 -0.13494395589307068000 0.00065651584862886595
447 -0.13459928003585686000 0.00065651584862886595
448 -0.13425466372941675000 0.00065651584862886595
449 -0.13391010692924210000 0.00065651584862886595
450 -0.13356560959082486000 0.00065651584862886595
451 -0.13322117166965691000 0.00065651584862886595
452 -0.13287679312123024000 0.00065651584862886595
453 -0.13253247390103662000 0.00065651584862886595
454 -0.13218821396456804000 0.00065651584862886595
455 -0.13184401326731632000 0.00065651584862886595
456 -0.13149987176477346000 0.00065651584862886595
457 -0.13115578941243128000 0.00065651584862886595
458 -0.13081176616578172000 0.00065651584862886595
459 -0.13046780198031671000 0.00065651584862886595
460 -0.13012389681152808000 0.00065651584862886595
461 -0.12978005061490777000 0.00065651584862886595
462 -0.12943626334594771000 0.00065651584862886595
463 -0.12909253496013962000 0.00065651584862886595
464 -0.12874886541297570000 0.00065651584862886595
465 -0.12840525465994757000 0.00065651584862886595
466 -0.12806170265654737000 0.00065651584862886595
467 -0.12771820935826683000 0.00065651584862886595
468 -0.12737477472059788000 0.00065651584862886595
469 -0.12703139869903246000 0.00065651584862886595
470 -0.12668808124906239000 0.00065651584862886595
471 -0.12634482232617972000 0.00065651584862886595
472 -0.12600162188587616000 0.00065651584862886595
473 -0.12565847988364381000 0.00065651584862886595
474 -0.12531539627497446000 0.00065651584862886595
475 -0.12497237101535996000 0.00065651584862886595
476 -0.12462940406029233000 0.00065651584862886595
477 -0.12428649536526337000 0.00065651584862886595
478 -0.12394364488576504000 0.00065651584862886595
479 -0.12360085257728926000 0.00065651584862886595
480 -0.12325811839532785000 0.00065651584862886595
481 -0.12291544229537277000 0.00065651584862886595
482 -0.12257282423291582000 0.00065651584862886595
483 -0.12223026416344906000 0.00065651584862886595
484 -0.12188776204246432000 0.00065651584862886595
485 -0.12154531782545347000 0.00065651584862886595
486 -0.12120293146790839000 0.00065651584862886595
487 -0.12086060292532108000 0.00065651584862886595
488 -0.12051833215318336000 0.00065651584862886595
489 -0.12017611910698711000 0.00065651584862886595
490 -0.11983396374222433000 0.00065651584862886595
491 -0.11949186601438688000 0.00065651584862886595
492 -0.11914982587896661000 0.00065651584862886595
493 -0.11880784329145544000 0.00065651584862886595
494 -0.11846591820734526000 0.00065651584862886595
495 -0.11812405058212805000 0.00065651584862886595
496 -0.11778224037129559000 0.00065651584862886595
497 -0.11744048753033987000 0.00065651584862886595
498 -0.11709879201475276000 0.00065651584862886595
499 -0.11675715378002616000 0.00065651584862886595
500 -0.11641557278165193000 0.00065651584862886595
501 -0.11607404897512208000 0.00065651584862886595
502 -0.11573258231592842000 0.00065651584862886595
503 -0.11539117275956284000 0.00065651584862886595
504 -0.11504982026151733000 0.00065651584862886595
505 -0.11470852477728366000 0.00065651584862886595
506 -0.11436728626235387000 0.00065651584862886595
507 -0.11402610467221974000 0.00065651584862886595
508 -0.11368497996237326000 0.00065651584862886595
509 -0.11334391208830624000 0.00065651584862886595
510 -0.11300290100551069000 0.00065651584862886595
511 -0.11266194666947837000 0.00065651584862886595
512 -0.11232104903570134000 0.00065651584862886595
513 -0.11198020805967140000 0.00065651584862886595
514 -0.11163942369688046000 0.00065651584862886595
515 -0.11129869590282043000 0.00065651584862886595
516 -0.11095802463298321000 0.00065651584862886595
517 -0.11061740984286073000 0.00065651584862886595
518 -0.11027685148794486000 0.00065651584862886595
519 -0.10993634952372744000 0.00065651584862886595
520 -0.10959590390570051000 0.00065651584862886595
521 -0.10925551458935584000 0.00065651584862886595
522 -0.10891518153018542000 0.00065651584862886595
523 -0.10857490468368103000 0.00065651584862886595
524 -0.10823468400533470000 0.00065651584862886595
525 -0.10789451945063833000 0.00065651584862886595
526 -0.10755441097508367000 0.00065651584862886595
527 -0.10721435853416283000 0.00065651584862886595
528 -0.10687436208336754000 0.00065651584862886595
529 -0.10653442157818976000 0.00065651584862886595
530 -0.10619453697412140000 0.00065651584862886595
531 -0.10585470822665433000 0.00065651584862886595
532 -0.10551493529128053000 0.00065651584862886595
533 -0.10517521812349179000 0.00065651584862886595
534 -0.10483555667878008000 0.00065651584862886595
535 -0.10449595091263730000 0.00065651584862886595
536 -0.10415640078055532000 0.00065651584862886595
537 -0.10381690623802597000 0.00065651584862886595
538 -0.10347746724054130000 0.00065651584862886595
539 -0.10313808374359312000 0.00065651584862886595
540 -0.10279875570267338000 0.00065651584862886595
541 -0.10245948307327402000 0.00065651584862886595
542 -0.10212026581088673000 0.00065651584862886595
543 -0.10178110387100364000 0.00065651584862886595
544 -0.10144199720911651000 0.00065651584862886595
545 -0.10110294578071732000 0.00065651584862886595
546 -0.10076394954129797000 0.00065651584862886595
547 -0.10042500844635027000 0.00065651584862886595
548 -0.10008612245136622000 0.00065651584862886595
549 -0.09974729151183769900 0.00065651584862886595
550 -0.09940851558325658500 0.00065651584862886595
551 -0.09906979462111476000 0.00065651584862886595
552 -0.09873112858090404800 0.00065651584862886595
553 -0.09839251741811661000 0.00065651584862886595
554 -0.09805396108824410200 0.00065651584862886595
555 -0.09771545954677851600 0.00065651584862886595
556 -0.09737701274921173300 0.00065651584862886595
557 -0.09703862065103569000 0.00065651584862886595
558 -0.09670028320774226600 0.00065651584862886595
559 -0.09636200037482334200 0.00065651584862886595
560 -0.09602377210777074400 0.00065651584862886595
561 -0.09568559836207657400 0.00065651584862886595
562 -0.09534747909323254600 0.00065651584862886595
563 -0.09500941425673065100 0.00065651584862886595
564 -0.09467140380806277100 0.00065651584862886595
565 -0.09433344770272078500 0.00065651584862886595
566 -0.09399554589619663100 0.00065651584862886595
567 -0.09365769834398218800 0.00065651584862886595
568 -0.09331990500156933700 0.00065651584862886595
569 -0.09298216582445001400 0.00065651584862886595
570 -0.09264448076811610000 0.00065651584862886595
571 -0.09230684978805947500 0.00065651584862886595
572 -0.09196927283977213200 0.00065651584862886595
573 -0.09163174987874583800 0.00065651584862886595
574 -0.09129428086047253200 0.00065651584862886595
575 -0.09095686574044414800 0.00065651584862886595
576 -0.09061950447415267900 0.00065651584862886595
577 -0.09028219701708983800 0.00065651584862886595
578 -0.08994494332474756200 0.00065651584862886595
579 -0.08960774335261789700 0.00065651584862886595
580 -0.08927059705619255800 0.00065651584862886595
581 -0.08893350439096359100 0.00065651584862886595
582 -0.08859646531242276700 0.00065651584862886595
583 -0.08825947977606207800 0.00065651584862886595
584 -0.08792254773737345800 0.00065651584862886595
585 -0.08758566915184873300 0.00065651584862886595
586 -0.08724884397497978400 0.00065651584862886595
587 -0.08691207216225854700 0.00065651584862886595
588 -0.08657535366917690200 0.00065651584862886595
589 -0.08623868845122684100 0.00065651584862886595
590 -0.08590207646390013400 0.00065651584862886595
591 -0.08556551766268871700 0.00065651584862886595
592 -0.08522901200308458100 0.00065651584862886595
593 -0.08489255944057949600 0.00065651584862886595
594 -0.08455615993066545300 0.00065651584862886595
595 -0.08421981342883433400 0.00065651584862886595
596 -0.08388351989057801800 0.00065651584862886595
597 -0.08354727927138838600 0.00065651584862886595
598 -0.08321109152675737500 0.00065651584862886595
599 -0.08287495661217686400 0.00065651584862886595
600 -0.08253887448313879100 0.00065651584862886595
601 -0.08220284509513503500 0.00065651584862886595
602 -0.08186686840365747800 0.00065651584862886595
603 -0.08153094436419805500 0.00065651584862886595
604 -0.08119507293224859100 0.00065651584862886595
605 -0.08085925406330107800 0.00065651584862886595
606 -0.08052348771284734100 0.00065651584862886595
607 -0.08018777383637931700 0.00065651584862886595
608 -0.07985211238938894100 0.00065651584862886595
609 -0.07951650332736803800 0.00065651584862886595
610 -0.07918094660580860000 0.00065651584862886595
611 -0.07884544218020245200 0.00065651584862886595
612 -0.07850999000604147500 0.00065651584862886595
613 -0.07817459003881766000 0.00065651584862886595
614 -0.07783924223402283200 0.00065651584862886595
615 -0.07750394654714887200 0.00065651584862886595
616 -0.07716870293368782700 0.00065651584862886595
617 -0.07683351134913141100 0.00065651584862886595
618 -0.07649837174897167200 0.00065651584862886595
619 -0.07616328408870032300 0.00065651584862886595
620 -0.07582824832380952200 0.00065651584862886595
621 -0.07549326440979098300 0.00065651584862886595
622 -0.07515833230213664300 0.00065651584862886595
623 -0.07482345195633838300 0.00065651584862886595
624 -0.07448862332788819300 0.00065651584862886595
625 -0.07415384637227789800 0.00065651584862886595
626 -0.07381912104499943600 0.00065651584862886595
627 -0.07348444730154457500 0.00065651584862886595
628 -0.07314982509740541900 0.00065651584862886595
629 -0.07281525438807379100 0.00065651584862886595
630 -0.07248073512904151800 0.00065651584862886595
631 -0.07214626727580059100 0.00065651584862886595
632 -0.07181185078384289000 0.00065651584862886595
633 -0.07147748560866029600 0.00065651584862886595
634 -0.07114317170574463400 0.00065651584862886595
635 -0.07080890903058795200 0.00065651584862886595
636 -0.07047469753868207400 0.00065651584862886595
637 -0.07014053718551893600 0.00065651584862886595
638 -0.06980642792659036400 0.00065651584862886595
639 -0.06947236971738834900 0.00065651584862886595
640 -0.06913836251340466100 0.00065651584862886595
641 -0.06880440627013134600 0.00065651584862886595
642 -0.06847050094306023100 0.00065651584862886595
643 -0.06813664648768325000 0.00065651584862886595
644 -0.06780284285949222900 0.00065651584862886595
645 -0.06746909001397916100 0.00065651584862886595
646 -0.06713538790663592400 0.00065651584862886595
647 -0.06680173649295440000 0.00065651584862886595
648 -0.06646813572842641400 0.00065651584862886595
649 -0.06613458556854395800 0.00065651584862886595
650 -0.06580108596879896700 0.00065651584862886595
651 -0.06546763688468326700 0.00065651584862886595
652 -0.06513423827168873800 0.00065651584862886595
653 -0.06480089008530737200 0.00065651584862886595
654 -0.06446759228103099400 0.00065651584862886595
655 -0.06413434481435154000 0.00065651584862886595
656 -0.06380114764076083600 0.00065651584862886595
657 -0.06346800071575087200 0.00065651584862886595
658 -0.06313490399481358500 0.00065651584862886595
659 -0.06280185743344080000 0.00065651584862886595
660 -0.06246886098712434200 0.00065651584862886595
661 -0.06213591461135625800 0.00065651584862886595
662 -0.06180301826162837300 0.00065651584862886595
663 -0.06147017189343262400 0.00065651584862886595
664 -0.06113737546226083500 0.00065651584862886595
665 -0.06080462892360494200 0.00065651584862886595
666 -0.06047193223295693800 0.00065651584862886595
667 -0.06013928534580859100 0.00065651584862886595
668 -0.05980668821765189300 0.00065651584862886595
669 -0.05947414080397867000 0.00065651584862886595
670 -0.05914164306028091300 0.00065651584862886595
671 -0.05880919494205039100 0.00065651584862886595
672 -0.05847679640477909700 0.00065651584862886595
673 -0.05814444740395896500 0.00065651584862886595
674 -0.05781214789508182200 0.00065651584862886595
675 -0.05747989783363954800 0.00065651584862886595
676 -0.05714769717512413500 0.00065651584862886595
677 -0.05681554587502740700 0.00065651584862886595
678 -0.05648344388884130000 0.00065651584862886595
679 -0.05615139117205769600 0.00065651584862886595
680 -0.05581938768016853100 0.00065651584862886595
681 -0.05548743336866568400 0.00065651584862886595
682 -0.05515552819304098100 0.00065651584862886595
683 -0.05482367210878647000 0.00065651584862886595
684 -0.05449186507139391900 0.00065651584862886595
685 -0.05416010703635532100 0.00065651584862886595
686 -0.05382839795916249900 0.00065651584862886595
687 -0.05349673779530739200 0.00065651584862886595
688 -0.05316512650028187800 0.00065651584862886595
689 -0.05283356402957789500 0.00065651584862886595
690 -0.05250205033868726700 0.00065651584862886595
691 -0.05217058538310204200 0.00065651584862886595
692 -0.05183916911831398800 0.00065651584862886595
693 -0.05150780149981504200 0.00065651584862886595
694 -0.05117648248309714100 0.00065651584862886595
695 -0.05084521202365210900 0.00065651584862886595
696 -0.05051399007697188200 0.00065651584862886595
697 -0.05018281659854839600 0.00065651584862886595
698 -0.04985169154387353300 0.00065651584862886595
699 -0.04952061486843917200 0.00065651584862886595
700 -0.04918958652773719500 0.00065651584862886595
701 -0.04885860647725959200 0.00065651584862886595
702 -0.04852767467249818900 0.00065651584862886595
703 -0.04819679106894481100 0.00065651584862886595
704 -0.04786595562209144900 0.00065651584862886595
705 -0.04753516828743009600 0.00065651584862886595
706 -0.04720442902045252100 0.00065651584862886595
707 -0.04687373777665060400 0.00065651584862886595
708 -0.04654309451151633600 0.00065651584862886595
709 -0.04621249918054160000 0.00065651584862886595
710 -0.04588195173921827400 0.00065651584862886595
711 -0.04555145214303824000 0.00065651584862886595
712 -0.04522100034749337900 0.00065651584862886595
713 -0.04489059630807568100 0.00065651584862886595
714 -0.04456023998027702800 0.00065651584862886595
715 -0.04422993131958918900 0.00065651584862886595
716 -0.04389967028150426600 0.00065651584862886595
717 -0.04356945682151397400 0.00065651584862886595
718 -0.04323929089511030500 0.00065651584862886595
719 -0.04290917245778513900 0.00065651584862886595
720 -0.04257910146503041100 0.00065651584862886595
721 -0.04224907787233800300 0.00065651584862886595
722 -0.04191910163519979600 0.00065651584862886595
723 -0.04158917270910766900 0.00065651584862886595
724 -0.04125929104955361500 0.00065651584862886595
725 -0.04092945661202945800 0.00065651584862886595
726 -0.04059966935202707900 0.00065651584862886595
727 -0.04026992922503841400 0.00065651584862886595
728 -0.03994023618655540000 0.00065651584862886595
729 -0.03961059019206986100 0.00065651584862886595
730 -0.03928099119707373400 0.00065651584862886595
731 -0.03895143915705895400 0.00065651584862886595
732 -0.03862193402751734600 0.00065651584862886595
733 -0.03829247576394090300 0.00065651584862886595
734 -0.03796306432182133800 0.00065651584862886595
735 -0.03763369965665081000 0.00065651584862886595
736 -0.03730438172392103200 0.00065651584862886595
737 -0.03697511047912405100 0.00065651584862886595
738 -0.03664588587775158300 0.00065651584862886595
739 -0.03631670787529567300 0.00065651584862886595
740 -0.03598757642724820200 0.00065651584862886595
741 -0.03565849148910099600 0.00065651584862886595
742 -0.03532945301634604600 0.00065651584862886595
743 -0.03500046096447517700 0.00065651584862886595
744 -0.03467151528898032600 0.00065651584862886595
745 -0.03434261594535337200 0.00065651584862886595
746 -0.03401376288908625200 0.00065651584862886595
747 -0.03368495607567079100 0.00065651584862886595
748 -0.03335619546059898100 0.00065651584862886595
749 -0.03302748099936264600 0.00065651584862886595
750 -0.03269881264745377900 0.00065651584862886595
751 -0.03237019036036420400 0.00065651584862886595
752 -0.03204161409358580200 0.00065651584862886595
753 -0.03171308380261056400 0.00065651584862886595
754 -0.03138459944293031700 0.00065651584862886595
755 -0.03105616097003699400 0.00065651584862886595
756 -0.03072776833942247900 0.00065651584862886595
757 -0.03039942150657870500 0.00065651584862886595
758 -0.03007112042699750000 0.00065651584862886595
759 -0.02974286505617079700 0.00065651584862886595
760 -0.02941465534959053500 0.00065651584862886595
761 -0.02908649126274859300 0.00065651584862886595
762 -0.02875837275113679600 0.00065651584862886595
763 -0.02843029977024719200 0.00065651584862886595
764 -0.02810227227557149400 0.00065651584862886595
765 -0.02777429022260180500 0.00065651584862886595
766 -0.02744635356682989500 0.00065651584862886595
767 -0.02711846226374770000 0.00065651584862886595
768 -0.02679061626884710100 0.00065651584862886595
769 -0.02646281553762003200 0.00065651584862886595
770 -0.02613506002555837600 0.00065651584862886595
771 -0.02580734968815401300 0.00065651584862886595
772 -0.02547968448089887900 0.00065651584862886595
773 -0.02515206435928485400 0.00065651584862886595
774 -0.02482448927880387400 0.00065651584862886595
775 -0.02449695919494776500 0.00065651584862886595
776 -0.02416947406320846300 0.00065651584862886595
777 -0.02384203383907790300 0.00065651584862886595
778 -0.02351463847804791100 0.00065651584862886595
779 -0.02318728793561042300 0.00065651584862886595
780 -0.02285998216725737600 0.00065651584862886595
781 -0.02253272112848064800 0.00065651584862886595
782 -0.02220550477477212200 0.00065651584862886595
783 -0.02187833306162373400 0.00065651584862886595
784 -0.02155120594452730700 0.00065651584862886595
785 -0.02122412337897483500 0.00065651584862886595
786 -0.02089708532045814200 0.00065651584862886595
787 -0.02057009172446921900 0.00065651584862886595
788 -0.02024314254649983700 0.00065651584862886595
789 -0.01991623774204198700 0.00065651584862886595
790 -0.01958937726658760400 0.00065651584862886595
791 -0.01926256107562845900 0.00065651584862886595
792 -0.01893578912465654400 0.00065651584862886595
793 -0.01860906136916373700 0.00065651584862886595
794 -0.01828237776464192200 0.00065651584862886595
795 -0.01795573826658303200 0.00065651584862886595
796 -0.01762914283047900500 0.00065651584862886595
797 -0.01730259141182166600 0.00065651584862886595
798 -0.01697608396610289500 0.00065651584862886595
799 -0.01664962044881468400 0.00065651584862886595
800 -0.01632320081544885700 0.00065651584862886595
801 -0.01599682502149735200 0.00065651584862886595
802 -0.01567049302245210300 0.00065651584862886595
803 -0.01534420477380488100 0.00065651584862886595
804 -0.01501796023104773300 0.00065651584862886595
805 -0.01469175934967248400 0.00065651584862886595
806 -0.01436560208517101400 0.00065651584862886595
807 -0.01403948839303531500 0.00065651584862886595
808 -0.01371341822875710200 0.00065651584862886595
809 -0.01338739154782853100 0.00065651584862886595
810 -0.01306140830574131800 0.00065651584862886595
811 -0.01273546845798745300 0.00065651584862886595
812 -0.01240957196005876300 0.00065651584862886595
813 -0.01208371876744718200 0.00065651584862886595
814 -0.01175790883564464800 0.00065651584862886595
815 -0.01143214212014298500 0.00065651584862886595
816 -0.01110641857643418500 0.00065651584862886595
817 -0.01078073816001007300 0.00065651584862886595
818 -0.01045510082636252900 0.00065651584862886595
819 -0.01012950653098354500 0.00065651584862886595
820 -0.00980395522936494680 0.00065651584862886595
821 -0.00947844687699866960 0.00065651584862886595
822 -0.00915298142937664980 0.00065651584862886595
823 -0.00882755884199060150 0.00065651584862886595
824 -0.00850217907033268270 0.00065651584862886595
825 -0.00817684206989466310 0.00065651584862886595
826 -0.00785154779616847880 0.00065651584862886595
827 -0.00752629620464595470 0.00065651584862886595
828 -0.00720108725081902710 0.00065651584862886595
829 -0.00687592089017968760 0.00065651584862886595
830 -0.00655079707821970560 0.00065651584862886595
831 -0.00622571577043107280 0.00065651584862886595
832 -0.00590067692230561440 0.00065651584862886595
833 -0.00557568048933526630 0.00065651584862886595
834 -0.00525072642701196470 0.00065651584862886595
835 -0.00492581469082753460 0.00065651584862886595
836 -0.00460094523627396780 0.00065651584862886595
837 -0.00427611801884303370 0.00065651584862886595
838 -0.00395133299402672390 0.00065651584862886595
839 -0.00362659011731697460 0.00065651584862886595
840 -0.00330188934420561080 0.00065651584862886595
841 -0.00297723063018456860 0.00065651584862886595
842 -0.00265261393074572860 0.00065651584862886595
843 -0.00232803920138102690 0.00065651584862886595
844 -0.00200350639758228870 0.00065651584862886595
845 -0.00167901547484150540 0.00065651584862886595
846 -0.00135456638865055770 0.00065651584862886595
847 -0.00103015909450127060 0.00065651584862886595
848 -0.00070579354788558035 0.00065651584862886595
849 -0.00038146970429547844 0.00065651584862886595
850 -0.00005718751922273446 0.00065651584862886595
851 0.00026705305184071548 0.00065651584862886595
852 0.00059125205340293530 0.00065651584862886595
853 0.00091540952997209990 0.00065651584862886595
854 0.00123952552605616220 0.00065651584862886595
855 0.00156360008616335260 0.00065651584862886595
856 0.00188763325480173490 0.00065651584862886595
857 0.00221162507647937320 0.00065651584862886595
858 0.00253557559570438680 0.00065651584862886595
859 0.00285948485698495070 0.00065651584862886595
860 0.00318335290482907320 0.00065651584862886595
861 0.00350717978374487370 0.00065651584862886595
862 0.00383096553824047170 0.00065651584862886595
863 0.00415471021282398660 0.00065651584862886595
864 0.00447841385200342670 0.00065651584862886595
865 0.00480207650028702250 0.00065651584862886595
866 0.00512569820218272690 0.00065651584862886595
867 0.00544927900219877030 0.00065651584862886595
868 0.00577281894484327210 0.00065651584862886595
869 0.00609631807462418520 0.00065651584862886595
870 0.00641977643604968450 0.00065651584862886595
871 0.00674319407362788950 0.00065651584862886595
872 0.00706657103186686400 0.00065651584862886595
873 0.00738990735527472740 0.00065651584862886595
874 0.00771320308835959920 0.00065651584862886595
875 0.00803645827562954330 0.00065651584862886595
876 0.00835967296159267900 0.00065651584862886595
877 0.00868284719075712590 0.00065651584862886595
878 0.00900598100763089220 0.00065651584862886595
879 0.00932907445672220840 0.00065651584862886595
880 0.00965212758253908290 0.00065651584862886595
881 0.00997514042958969060 0.00065651584862886595
882 0.01029811304238204000 0.00065651584862886595
883 0.01062104546542436100 0.00065651584862886595
884 0.01094393774322460800 0.00065651584862886595
885 0.01126678992029095400 0.00065651584862886595
886 0.01158960204113146400 0.00065651584862886595
887 0.01191237415025425700 0.00065651584862886595
888 0.01223510629216745200 0.00065651584862886595
889 0.01255779851137911500 0.00065651584862886595
890 0.01288045085239741800 0.00065651584862886595
891 0.01320306335973037100 0.00065651584862886595
892 0.01352563607788615000 0.00065651584862886595
893 0.01384816905137276100 0.00065651584862886595
894 0.01417066232469838000 0.00065651584862886595
895 0.01449311594237112600 0.00065651584862886595
896 0.01481552994889900900 0.00065651584862886595
897 0.01513790438879025800 0.00065651584862886595
898 0.01546023930655282500 0.00065651584862886595
899 0.01578253474669488700 0.00065651584862886595
900 0.01610479075372456300 0.00065651584862886595
901 0.01642700737214991500 0.00065651584862886595
902 0.01674918464647901000 0.00065651584862886595
903 0.01707132262122002000 0.00065651584862886595
904 0.01739342134088106600 0.00065651584862886595
905 0.01771548084997015500 0.00065651584862886595
906 0.01803750119299540900 0.00065651584862886595
907 0.01835948241446500000 0.00065651584862886595
908 0.01868142455888699400 0.00065651584862886595
909 0.01900332767076945400 0.00065651584862886595
910 0.01932519179462044400 0.00065651584862886595
911 0.01964701697494819500 0.00065651584862886595
912 0.01996880325626077000 0.00065651584862886595
913 0.02029055068306617700 0.00065651584862886595
914 0.02061225929987253700 0.00065651584862886595
915 0.02093392915118802400 0.00065651584862886595
916 0.02125556028152070200 0.00065651584862886595
917 0.02157715273537869100 0.00065651584862886595
918 0.02189870655726999800 0.00065651584862886595
919 0.02222022179170285400 0.00065651584862886595
920 0.02254169848318526800 0.00065651584862886595
921 0.02286313667622536000 0.00065651584862886595
922 0.02318453641533130300 0.00065651584862886595
923 0.02350589774501105100 0.00065651584862886595
924 0.02382722070977283400 0.00065651584862886595
925 0.02414850535412471600 0.00065651584862886595
926 0.02446975172257476200 0.00065651584862886595
927 0.02479095985963114500 0.00065651584862886595
928 0.02511212980980187500 0.00065651584862886595
929 0.02543326161759512600 0.00065651584862886595
930 0.02575435532751890700 0.00065651584862886595
931 0.02607541098408139300 0.00065651584862886595
932 0.02639642863179070300 0.00065651584862886595
933 0.02671740831515484500 0.00065651584862886595
934 0.02703835007868199400 0.00065651584862886595
935 0.02735925396688027000 0.00065651584862886595
936 0.02768012002425768200 0.00065651584862886595
937 0.02800094829532240300 0.00065651584862886595
938 0.02832173882458255400 0.00065651584862886595
939 0.02864249165654614300 0.00065651584862886595
940 0.02896320683572128900 0.00065651584862886595
941 0.02928388440661622300 0.00065651584862886595
942 0.02960452441373889700 0.00065651584862886595
943 0.02992512690159748700 0.00065651584862886595
944 0.03024569191470000100 0.00065651584862886595
945 0.03056621949755461400 0.00065651584862886595
946 0.03088670969466944500 0.00065651584862886595
947 0.03120716255055255800 0.00065651584862886595
948 0.03152757810971207300 0.00065651584862886595
949 0.03184795641665605400 0.00065651584862886595
950 0.03216829751589261900 0.00065651584862886595
951 0.03248860145192988800 0.00065651584862886595
952 0.03280886826927592600 0.00065651584862886595
953 0.03312909801243885100 0.00065651584862886595
954 0.03344929072592678400 0.00065651584862886595
955 0.03376944645424778700 0.00065651584862886595
956 0.03408956524190998000 0.00065651584862886595
957 0.03440964713342153900 0.00065651584862886595
958 0.03472969217329041600 0.00065651584862886595
959 0.03504970040602478600 0.00065651584862886595
960 0.03536967187613271300 0.00065651584862886595
961 0.03568960662812237200 0.00065651584862886595
962 0.03600950470650177100 0.00065651584862886595
963 0.03632936615577914100 0.00065651584862886595
964 0.03664919102046243500 0.00065651584862886595
965 0.03696897934505982700 0.00065651584862886595
966 0.03728873117407938100 0.00065651584862886595
967 0.03760844655202927300 0.00065651584862886595
968 0.03792812552341751100 0.00065651584862886595
969 0.03824776813275226900 0.00065651584862886595
970 0.03856737442454161200 0.00065651584862886595
971 0.03888694444329365800 0.00065651584862886595
972 0.03920647823351652800 0.00065651584862886595
973 0.03952597583971817500 0.00065651584862886595
974 0.03984543730640688300 0.00065651584862886595
975 0.04016486267809066300 0.00065651584862886595
976 0.04048425199927763200 0.00065651584862886595
977 0.04080360531447591000 0.00065651584862886595
978 0.04112292266819350700 0.00065651584862886595
979 0.04144220410493865100 0.00065651584862886595
980 0.04176144966921935300 0.00065651584862886595
981 0.04208065940554378500 0.00065651584862886595
982 0.04239983335841995800 0.00065651584862886595
983 0.04271897157235604600 0.00065651584862886595
984 0.04303807409186011200 0.00065651584862886595
985 0.04335714096144027700 0.00065651584862886595
986 0.04367617222560471500 0.00065651584862886595
987 0.04399516792886132300 0.00065651584862886595
988 0.04431412811571833200 0.00065651584862886595
989 0.04463305283068386100 0.00065651584862886595
990 0.04495194211826597500 0.00065651584862886595
991 0.04527079602297273700 0.00065651584862886595
992 0.04558961458931232200 0.00065651584862886595
993 0.04590839786179279300 0.00065651584862886595
994 0.04622714588492221600 0.00065651584862886595
995 0.04654585870320876500 0.00065651584862886595
996 0.04686453636116050300 0.00065651584862886595
997 0.04718317890328549400 0.00065651584862886595
998 0.04750178637409191400 0.00065651584862886595
999 0.04782035881808782700 0.00065651584862886595
1000 0.04813889627978129600 0.00065651584862886595
1001 0.04845739880368055100 0.00065651584862886595
1002 0.04877586643429349100 0.00065651584862886595
1003 0.04909429921612834500 0.00065651584862886595
1004 0.04941269719369317800 0.00065651584862886595
1005 0.04973106041149610900 0.00065651584862886595
1006 0.05004938891404520100 0.00065651584862886595
1007 0.05036768274584857400 0.00065651584862886595
1008 0.05068594195141440400 0.00065651584862886595
1009 0.05100416657525064200 0.00065651584862886595
1010 0.05132235666186552000 0.00065651584862886595
1011 0.05164051225576704600 0.00065651584862886595
1012 0.05195863340146339400 0.00065651584862886595
1013 0.05227672014346262900 0.00065651584862886595
1014 0.05259477252627287000 0.00065651584862886595
1015 0.05291279059440218100 0.00065651584862886595
1016 0.05323077439235868200 0.00065651584862886595
1017 0.05354872396465049100 0.00065651584862886595
1018 0.05386663935578567300 0.00065651584862886595
1019 0.05418452061027229100 0.00065651584862886595
1020 0.05450236777261857600 0.00065651584862886595
1021 0.05482018088733248100 0.00065651584862886595
1022 0.05513795999892223700 0.00065651584862886595
1023 0.05545570515189579600 0.00065651584862886595
1024 0.05577341639076138800 0.00065651584862886595
1025 0.05609109376002707800 0.00065651584862886595
1026 0.05640873730420098400 0.00065651584862886595
1027 0.05672634706779111600 0.00065651584862886595
1028 0.05704392309530570400 0.00065651584862886595
1029 0.05736146543125275600 0.00065651584862886595
1030 0.05767897412014033600 0.00065651584862886595
1031 0.05799644920647673000 0.00065651584862886595
1032 0.05831389073476983500 0.00065651584862886595
1033 0.05863129874952782700 0.00065651584862886595
1034 0.05894867329525876900 0.00065651584862886595
1035 0.05926601441647083600 0.00065651584862886595
1036 0.05958332215767209200 0.00065651584862886595
1037 0.05990059656337065600 0.00065651584862886595
1038 0.06021783767807459300 0.00065651584862886595
1039 0.06053504554629202100 0.00065651584862886595
1040 0.06085222021253100500 0.00065651584862886595
1041 0.06116936172129972000 0.00065651584862886595
1042 0.06148647011710617300 0.00065651584862886595
1043 0.06180354544445854100 0.00065651584862886595
1044 0.06212058774786494200 0.00065651584862886595
1045 0.06243759707183338400 0.00065651584862886595
1046 0.06275457346087204300 0.00065651584862886595
1047 0.06307151695948898200 0.00065651584862886595
1048 0.06338842761219232200 0.00065651584862886595
1049 0.06370530546349007000 0.00065651584862886595
1050 0.06402215055789051100 0.00065651584862886595
1051 0.06433896293990154500 0.00065651584862886595
1052 0.06465574265403140100 0.00065651584862886595
1053 0.06497248974478819800 0.00065651584862886595
1054 0.06528920425667988900 0.00065651584862886595
1055 0.06560588623421476100 0.00065651584862886595
1056 0.06592253572190076600 0.00065651584862886595
1057 0.06623915276424607900 0.00065651584862886595
1058 0.06655573740575876400 0.00065651584862886595
1059 0.06687228969094694000 0.00065651584862886595
1060 0.06718880966431872700 0.00065651584862886595
1061 0.06750529737038224500 0.00065651584862886595
1062 0.06782175285364544500 0.00065651584862886595
1063 0.06813817615861661500 0.00065651584862886595
1064 0.06845456732980370600 0.00065651584862886595
1065 0.06877092641171489400 0.00065651584862886595
1066 0.06908725344885835500 0.00065651584862886595
1067 0.06940354848574198400 0.00065651584862886595
1068 0.06971981156687406800 0.00065651584862886595
1069 0.07003604273676267100 0.00065651584862886595
1070 0.07035224203991580200 0.00065651584862886595
1071 0.07066840952084163500 0.00065651584862886595
1072 0.07098454522404823400 0.00065651584862886595
1073 0.07130064919404377500 0.00065651584862886595
1074 0.07161672147533626500 0.00065651584862886595
1075 0.07193276211243393400 0.00065651584862886595
1076 0.07224877114984468200 0.00065651584862886595
1077 0.07256474863207673700 0.00065651584862886595
1078 0.07288069460363821900 0.00065651584862886595
1079 0.07319660910903713600 0.00065651584862886595
1080 0.07351249219278166400 0.00065651584862886595
1081 0.07382834389937992200 0.00065651584862886595
1082 0.07414416427333991900 0.00065651584862886595
1083 0.07445995335916977300 0.00065651584862886595
1084 0.07477571120137765900 0.00065651584862886595
1085 0.07509143784447164200 0.00065651584862886595
1086 0.07540713333295978600 0.00065651584862886595
1087 0.07572279771135026500 0.00065651584862886595
1088 0.07603843102415108700 0.00065651584862886595
1089 0.07635403331587042900 0.00065651584862886595
1090 0.07666960463101635300 0.00065651584862886595
1091 0.07698514501409697800 0.00065651584862886595
1092 0.07730065450962037000 0.00065651584862886595
1093 0.07761613316209464700 0.00065651584862886595
1094 0.07793158101602792900 0.00065651584862886595
1095 0.07824699811592827900 0.00065651584862886595
1096 0.07856238450630381700 0.00065651584862886595
1097 0.07887774023166260800 0.00065651584862886595
1098 0.07919306533651282500 0.00065651584862886595
1099 0.07950835986536253200 0.00065651584862886595
1100 0.07982362386271979500 0.00065651584862886595
1101 0.08013885737309278700 0.00065651584862886595
1102 0.08045406044098957200 0.00065651584862886595
1103 0.08076923311091821500 0.00065651584862886595
1104 0.08108437542738689000 0.00065651584862886595
1105 0.08139948743490366100 0.00065651584862886595
1106 0.08171456917797659300 0.00065651584862886595
1107 0.08202962070111374800 0.00065651584862886595
1108 0.08234464204882335800 0.00065651584862886595
1109 0.08265963326561343000 0.00065651584862886595
1110 0.08297459439599208500 0.00065651584862886595
1111 0.08328952548446744200 0.00065651584862886595
1112 0.08360442657554761900 0.00065651584862886595
1113 0.08391929771374062600 0.00065651584862886595
1114 0.08423413894355469300 0.00065651584862886595
1115 0.08454895030949777200 0.00065651584862886595
1116 0.08486373185607809500 0.00065651584862886595
1117 0.08517848362780366900 0.00065651584862886595
1118 0.08549320566918261500 0.00065651584862886595
1119 0.08580789802472310600 0.00065651584862886595
1120 0.08612256073893320700 0.00065651584862886595
1121 0.08643719385632092600 0.00065651584862886595
1122 0.08675179742139449400 0.00065651584862886595
1123 0.08706637147866191900 0.00065651584862886595
1124 0.08738091607263132100 0.00065651584862886595
1125 0.08769543124781076200 0.00065651584862886595
1126 0.08800991704870847500 0.00065651584862886595
1127 0.08832437351983241100 0.00065651584862886595
1128 0.08863880070569080100 0.00065651584862886595
1129 0.08895319865079165400 0.00065651584862886595
1130 0.08926756739964303300 0.00065651584862886595
1131 0.08958190699675316900 0.00065651584862886595
1132 0.08989621748663007000 0.00065651584862886595
1133 0.09021049891378185600 0.00065651584862886595
1134 0.09052475132271664600 0.00065651584862886595
1135 0.09083897475794255900 0.00065651584862886595
1136 0.09115316926396765900 0.00065651584862886595
1137 0.09146733488529995600 0.00065651584862886595
1138 0.09178147166644773400 0.00065651584862886595
1139 0.09209557965191894600 0.00065651584862886595
1140 0.09240965888622171300 0.00065651584862886595
1141 0.09272370941386420800 0.00065651584862886595
1142 0.09303773127935449600 0.00065651584862886595
1143 0.09335172452720069700 0.00065651584862886595
1144 0.09366568920191087300 0.00065651584862886595
1145 0.09397962534799309000 0.00065651584862886595
1146 0.09429353300995552100 0.00065651584862886595
1147 0.09460741223230628700 0.00065651584862886595
1148 0.09492126305955339600 0.00065651584862886595
1149 0.09523508553620496600 0.00065651584862886595
1150 0.09554887970676923000 0.00065651584862886595
1151 0.09586264561575408300 0.00065651584862886595
1152 0.09617638330766775700 0.00065651584862886595
1153 0.09649009282701831400 0.00065651584862886595
1154 0.09680377421831387600 0.00065651584862886595
1155 0.09711742752606245000 0.00065651584862886595
1156 0.09743105279477226600 0.00065651584862886595
1157 0.09774465006895138900 0.00065651584862886595
1158 0.09805821939310788200 0.00065651584862886595
1159 0.09837176081174986400 0.00065651584862886595
1160 0.09868527436938545600 0.00065651584862886595
1161 0.09899876011052266600 0.00065651584862886595
1162 0.09931221807966972300 0.00065651584862886595
1163 0.09962564832133469200 0.00065651584862886595
1164 0.09993905088002563700 0.00065651584862886595
1165 0.10025242580025062000 0.00065651584862886595
1166 0.10056577312651782000 0.00065651584862886595
1167 0.10087909290333530000 0.00065651584862886595
1168 0.10119238517521117000 0.00065651584862886595
1169 0.10150564998665357000 0.00065651584862886595
1170 0.10181888738217049000 0.00065651584862886595
1171 0.10213209740627016000 0.00065651584862886595
1172 0.10244528010346055000 0.00065651584862886595
1173 0.10275843551824987000 0.00065651584862886595
1174 0.10307156369514614000 0.00065651584862886595
1175 0.10338466467865753000 0.00065651584862886595
1176 0.10369773851329211000 0.00065651584862886595
1177 0.10401078524355800000 0.00065651584862886595
1178 0.10432380491396326000 0.00065651584862886595
1179 0.10463679756901600000 0.00065651584862886595
1180 0.10494976325322436000 0.00065651584862886595
1181 0.10526270201109639000 0.00065651584862886595
1182 0.10557561388714015000 0.00065651584862886595
1183 0.10588849892586383000 0.00065651584862886595
1184 0.10620135717177553000 0.00065651584862886595
1185 0.10651418866938328000 0.00065651584862886595
1186 0.10682699346319524000 0.00065651584862886595
1187 0.10713977159771948000 0.00065651584862886595
1188 0.10745252311746412000 0.00065651584862886595
1189 0.10776524806693721000 0.00065651584862886595
1190 0.10807794649064695000 0.00065651584862886595
1191 0.10839061843310133000 0.00065651584862886595
1192 0.10870326393880853000 0.00065651584862886595
1193 0.10901588305227655000 0.00065651584862886595
1194 0.10932847581801369000 0.00065651584862886595
1195 0.10964104228052785000 0.00065651584862886595
1196 0.10995358248432718000 0.00065651584862886595
1197 0.11026609647391977000 0.00065651584862886595
1198 0.11057858429381379000 0.00065651584862886595
1199 0.11089104598851729000 0.00065651584862886595
1200 0.11120348160253835000 0.00065651584862886595
1201 0.11151589118038513000 0.00065651584862886595
1202 0.11182827476656571000 0.00065651584862886595
1203 0.11214063240558814000 0.00065651584862886595
1204 0.11245296414196054000 0.00065651584862886595
1205 0.11276527002019110000 0.00065651584862886595
1206 0.11307755008478781000 0.00065651584862886595
1207 0.11338980438025881000 0.00065651584862886595
1208 0.11370203295111220000 0.00065651584862886595
1209 0.11401423584185610000 0.00065651584862886595
1210 0.11432641309699859000 0.00065651584862886595
1211 0.11463856476104772000 0.00065651584862886595
1212 0.11495069087851162000 0.00065651584862886595
1213 0.11526279149389851000 0.00065651584862886595
1214 0.11557486665171629000 0.00065651584862886595
1215 0.11588691639647319000 0.00065651584862886595
1216 0.11619894077267728000 0.00065651584862886595
1217 0.11651093982483662000 0.00065651584862886595
1218 0.11682291359745944000 0.00065651584862886595
1219 0.11713486213505364000 0.00065651584862886595
1220 0.11744678548212750000 0.00065651584862886595
1221 0.11775868368318904000 0.00065651584862886595
1222 0.11807055678274636000 0.00065651584862886595
1223 0.11838240482530754000 0.00065651584862886595
1224 0.11869422785538081000 0.00065651584862886595
1225 0.11900602591747406000 0.00065651584862886595
1226 0.11931779905609552000 0.00065651584862886595
1227 0.11962954731575326000 0.00065651584862886595
1228 0.11994127074095540000 0.00065651584862886595
1229 0.12025296937621005000 0.00065651584862886595
1230 0.12056464326602528000 0.00065651584862886595
1231 0.12087629245490916000 0.00065651584862886595
1232 0.12118791698736986000 0.00065651584862886595
1233 0.12149951690791544000 0.00065651584862886595
1234 0.12181109226105402000 0.00065651584862886595
1235 0.12212264309129367000 0.00065651584862886595
1236 0.12243416944314250000 0.00065651584862886595
1237 0.12274567136110864000 0.00065651584862886595
1238 0.12305714888970015000 0.00065651584862886595
1239 0.12336860207342520000 0.00065651584862886595
1240 0.12368003095679181000 0.00065651584862886595
1241 0.12399143558430809000 0.00065651584862886595
1242 0.12430281600048215000 0.00065651584862886595
1243 0.12461417224982213000 0.00065651584862886595
1244 0.12492550437683608000 0.00065651584862886595
1245 0.12523681242603213000 0.00065651584862886595
1246 0.12554809644191833000 0.00065651584862886595
1247 0.12585935646900281000 0.00065651584862886595
1248 0.12617059255179375000 0.00065651584862886595
1249 0.12648180473479909000 0.00065651584862886595
1250 0.12679299306252712000 0.00065651584862886595
1251 0.12710415757948573000 0.00065651584862886595
1252 0.12741529833018317000 0.00065651584862886595
1253 0.12772641535912754000 0.00065651584862886595
1254 0.12803750871082692000 0.00065651584862886595
1255 0.12834857842978931000 0.00065651584862886595
1256 0.12865962456052293000 0.00065651584862886595
1257 0.12897064714753581000 0.00065651584862886595
1258 0.12928164623533606000 0.00065651584862886595
1259 0.12959262186843185000 0.00065651584862886595
1260 0.12990357409133119000 0.00065651584862886595
1261 0.13021450294854220000 0.00065651584862886595
1262 0.13052540848457306000 0.00065651584862886595
1263 0.13083629074393177000 0.00065651584862886595
1264 0.13114714977112646000 0.00065651584862886595
1265 0.13145798561066524000 0.00065651584862886595
1266 0.13176879830705623000 0.00065651584862886595
1267 0.13207958790480750000 0.00065651584862886595
1268 0.13239035444842717000 0.00065651584862886595
1269 0.13270109798242335000 0.00065651584862886595
1270 0.13301181855130406000 0.00065651584862886595
1271 0.13332251619957747000 0.00065651584862886595
1272 0.13363319097175169000 0.00065651584862886595
1273 0.13394384291233474000 0.00065651584862886595
1274 0.13425447206583485000 0.00065651584862886595
1275 0.13456507847676002000 0.00065651584862886595
1276 0.13487566218961838000 0.00065651584862886595
1277 0.13518622324891799000 0.00065651584862886595
1278 0.13549676169916702000 0.00065651584862886595
1279 0.13580727758487354000 0.00065651584862886595
1280 0.13611777095054567000 0.00065651584862886595
1281 0.13642824184069147000 0.00065651584862886595
1282 0.13673869029981900000 0.00065651584862886595
1283 0.13704911637243655000 0.00065651584862886595
1284 0.13735952010305197000 0.00065651584862886595
1285 0.13766990153617353000 0.00065651584862886595
1286 0.13798026071630926000 0.00065651584862886595
1287 0.13829059768796725000 0.00065651584862886595
1288 0.13860091249565570000 0.00065651584862886595
1289 0.13891120518388256000 0.00065651584862886595
1290 0.13922147579715605000 0.00065651584862886595
1291 0.13953172437998423000 0.00065651584862886595
1292 0.13984195097687518000 0.00065651584862886595
1293 0.14015215563233702000 0.00065651584862886595
1294 0.14046233839087785000 0.00065651584862886595
1295 0.14077249929700575000 0.00065651584862886595
1296 0.14108263839522889000 0.00065651584862886595
1297 0.14139275573005528000 0.00065651584862886595
1298 0.14170285134599314000 0.00065651584862886595
1299 0.14201292528755038000 0.00065651584862886595
1300 0.14232297759923523000 0.00065651584862886595
1301 0.14263300832555581000 0.00065651584862886595
1302 0.14294301751102012000 0.00065651584862886595
1303 0.14325300520013634000 0.00065651584862886595
1304 0.14356297143741253000 0.00065651584862886595
1305 0.14387291626735682000 0.00065651584862886595
1306 0.14418283973447732000 0.00065651584862886595
1307 0.14449274188328209000 0.00065651584862886595
1308 0.14480262275827926000 0.00065651584862886595
1309 0.14511248240397689000 0.00065651584862886595
1310 0.14542232086488316000 0.00065651584862886595
1311 0.14573213818550607000 0.00065651584862886595
1312 0.14604193441035374000 0.00065651584862886595
1313 0.14635170958393440000 0.00065651584862886595
1314 0.14666146375075600000 0.00065651584862886595
1315 0.14697119695532668000 0.00065651584862886595
1316 0.14728090924215453000 0.00065651584862886595
1317 0.14759060065574769000 0.00065651584862886595
1318 0.14790027124061422000 0.00065651584862886595
1319 0.14820992104126224000 0.00065651584862886595
1320 0.14851955010219986000 0.00065651584862886595
1321 0.14882915846793515000 0.00065651584862886595
1322 0.14913874618297623000 0.00065651584862886595
1323 0.14944831329183123000 0.00065651584862886595
1324 0.14975785983900813000 0.00065651584862886595
1325 0.15006738586901525000 0.00065651584862886595
1326 0.15037689142636046000 0.00065651584862886595
1327 0.15068637655555195000 0.00065651584862886595
1328 0.15099584130109794000 0.00065651584862886595
1329 0.15130528570750634000 0.00065651584862886595
1330 0.15161470981928526000 0.00065651584862886595
1331 0.15192411368094300000 0.00065651584862886595
1332 0.15223349733698743000 0.00065651584862886595
1333 0.15254286083192681000 0.00065651584862886595
1334 0.15285220421026907000 0.00065651584862886595
1335 0.15316152751652257000 0.00065651584862886595
1336 0.15347083079519525000 0.00065651584862886595
1337 0.15378011409079506000 0.00065651584862886595
1338 0.15408937744783041000 0.00065651584862886595
1339 0.15439862091080914000 0.00065651584862886595
1340 0.15470784452423958000 0.00065651584862886595
1341 0.15501704833262958000 0.00065651584862886595
1342 0.15532623238048748000 0.00065651584862886595
1343 0.15563539671232113000 0.00065651584862886595
1344 0.15594454137263891000 0.00065651584862886595
1345 0.15625366640594862000 0.00065651584862886595
1346 0.15656277185675871000 0.00065651584862886595
1347 0.15687185776957691000 0.00065651584862886595
1348 0.15718092418891161000 0.00065651584862886595
1349 0.15748997115927071000 0.00065651584862886595
1350 0.15779899872516251000 0.00065651584862886595
1351 0.15810800693109500000 0.00065651584862886595
1352 0.15841699582157615000 0.00065651584862886595
1353 0.15872596544111428000 0.00065651584862886595
1354 0.15903491583421736000 0.00065651584862886595
1355 0.15934384704539356000 0.00065651584862886595
1356 0.15965275911915089000 0.00065651584862886595
1357 0.15996165209999758000 0.00065651584862886595
1358 0.16027052603244157000 0.00065651584862886595
1359 0.16057938096099117000 0.00065651584862886595
1360 0.16088821693015420000 0.00065651584862886595
1361 0.16119703398443908000 0.00065651584862886595
1362 0.16150583216835357000 0.00065651584862886595
1363 0.16181461152640614000 0.00065651584862886595
1364 0.16212337210310457000 0.00065651584862886595
1365 0.16243211394295715000 0.00065651584862886595
1366 0.16274083709047193000 0.00065651584862886595
1367 0.16304954159015694000 0.00065651584862886595
1368 0.16335822748652040000 0.00065651584862886595
1369 0.16366689482407026000 0.00065651584862886595
1370 0.16397554364731476000 0.00065651584862886595
1371 0.16428417400076190000 0.00065651584862886595
1372 0.16459278592891990000 0.00065651584862886595
1373 0.16490137947629674000 0.00065651584862886595
1374 0.16520995468740063000 0.00065651584862886595
1375 0.16551851160673947000 0.00065651584862886595
1376 0.16582705027882166000 0.00065651584862886595
1377 0.16613557074815499000 0.00065651584862886595
1378 0.16644407305924785000 0.00065651584862886595
1379 0.16675255725660809000 0.00065651584862886595
1380 0.16706102338474399000 0.00065651584862886595
1381 0.16736947148816361000 0.00065651584862886595
1382 0.16767790161137486000 0.00065651584862886595
1383 0.16798631379888618000 0.00065651584862886595
1384 0.16829470809520530000 0.00065651584862886595
1385 0.16860308454484069000 0.00065651584862886595
1386 0.16891144319230011000 0.00065651584862886595
1387 0.16921978408209193000 0.00065651584862886595
1388 0.16952810725872408000 0.00065651584862886595
1389 0.16983641276670480000 0.00065651584862886595
1390 0.17014470065054199000 0.00065651584862886595
1391 0.17045297095474393000 0.00065651584862886595
1392 0.17076122372381858000 0.00065651584862886595
1393 0.17106945900227427000 0.00065651584862886595
1394 0.17137767683461880000 0.00065651584862886595
1395 0.17168587726536055000 0.00065651584862886595
1396 0.17199406033900744000 0.00065651584862886595
1397 0.17230222610006757000 0.00065651584862886595
1398 0.17261037459304918000 0.00065651584862886595
1399 0.17291850586246010000 0.00065651584862886595
1400 0.17322661995280880000 0.00065651584862886595
1401 0.17353471690860306000 0.00065651584862886595
1402 0.17384279677435116000 0.00065651584862886595
1403 0.17415085959456111000 0.00065651584862886595
1404 0.17445890541374115000 0.00065651584862886595
1405 0.17476693427639911000 0.00065651584862886595
1406 0.17507494622704339000 0.00065651584862886595
1407 0.17538294131018189000 0.00065651584862886595
1408 0.17569091957032285000 0.00065651584862886595
1409 0.17599888105197431000 0.00065651584862886595
1410 0.17630682579964424000 0.00065651584862886595
1411 0.17661475385784098000 0.00065651584862886595
1412 0.17692266527107242000 0.00065651584862886595
1413 0.17723056008384680000 0.00065651584862886595
1414 0.17753843834067207000 0.00065651584862886595
1415 0.17784630008605656000 0.00065651584862886595
1416 0.17815414536450813000 0.00065651584862886595
1417 0.17846197422053511000 0.00065651584862886595
1418 0.17876978669864529000 0.00065651584862886595
1419 0.17907758284334718000 0.00065651584862886595
1420 0.17938536269914845000 0.00065651584862886595
1421 0.17969312631055756000 0.00065651584862886595
1422 0.18000087372208234000 0.00065651584862886595
1423 0.18030860497823115000 0.00065651584862886595
1424 0.18061632012351192000 0.00065651584862886595
1425 0.18092401920243267000 0.00065651584862886595
1426 0.18123170225950169000 0.00065651584862886595
1427 0.18153936933922693000 0.00065651584862886595
1428 0.18184702048611667000 0.00065651584862886595
1429 0.18215465574467876000 0.00065651584862886595
1430 0.18246227515942154000 0.00065651584862886595
1431 0.18276987877485290000 0.00065651584862886595
1432 0.18307746663548119000 0.00065651584862886595
1433 0.18338503878581425000 0.00065651584862886595
1434 0.18369259527036036000 0.00065651584862886595
1435 0.18400013613362748000 0.00065651584862886595
1436 0.18430766142012389000 0.00065651584862886595
1437 0.18461517117435750000 0.00065651584862886595
1438 0.18492266544083658000 0.00065651584862886595
1439 0.18523014426406920000 0.00065651584862886595
1440 0.18553760768856326000 0.00065651584862886595
1441 0.18584505575882709000 0.00065651584862886595
1442 0.18615248851936861000 0.00065651584862886595
1443 0.18645990601469620000 0.00065651584862886595
1444 0.18676730828931759000 0.00065651584862886595
1445 0.18707469538774119000 0.00065651584862886595
1446 0.18738206735447488000 0.00065651584862886595
1447 0.18768942423402696000 0.00065651584862886595
1448 0.18799676607090532000 0.00065651584862886595
1449 0.18830409290961825000 0.00065651584862886595
1450 0.18861140479467370000 0.00065651584862886595
1451 0.18891870177057990000 0.00065651584862886595
1452 0.18922598388184486000 0.00065651584862886595
1453 0.18953325117297676000 0.00065651584862886595
1454 0.18984050368848365000 0.00065651584862886595
1455 0.19014774147287350000 0.00065651584862886595
1456 0.19045496457065469000 0.00065651584862886595
1457 0.19076217302633502000 0.00065651584862886595
1458 0.19106936688442289000 0.00065651584862886595
1459 0.19137654618942607000 0.00065651584862886595
1460 0.19168371098585302000 0.00065651584862886595
1461 0.19199086131821153000 0.00065651584862886595
1462 0.19229799723100988000 0.00065651584862886595
1463 0.19260511876875608000 0.00065651584862886595
1464 0.19291222597595831000 0.00065651584862886595
1465 0.19321931889712457000 0.00065651584862886595
1466 0.19352639757676310000 0.00065651584862886595
1467 0.19383346205938184000 0.00065651584862886595
1468 0.19414051238948904000 0.00065651584862886595
1469 0.19444754861159275000 0.00065651584862886595
1470 0.19475457077020092000 0.00065651584862886595
1471 0.19506157890982190000 0.00065651584862886595
1472 0.19536857307496358000 0.00065651584862886595
1473 0.19567555331013420000 0.00065651584862886595
1474 0.19598251965984176000 0.00065651584862886595
1475 0.19628947216859449000 0.00065651584862886595
1476 0.19659641088090030000 0.00065651584862886595
1477 0.19690333584126751000 0.00065651584862886595
1478 0.19721024709420398000 0.00065651584862886595
1479 0.19751714468421805000 0.00065651584862886595
1480 0.19782402865581761000 0.00065651584862886595
1481 0.19813089905351094000 0.00065651584862886595
1482 0.19843775592180601000 0.00065651584862886595
1483 0.19874459930521104000 0.00065651584862886595
1484 0.19905142924823405000 0.00065651584862886595
1485 0.19935824579538303000 0.00065651584862886595
1486 0.19966504899116633000 0.00065651584862886595
1487 0.19997183888009179000 0.00065651584862886595
1488 0.20027861550666776000 0.00065651584862886595
1489 0.20058537891540207000 0.00065651584862886595
1490 0.20089212915080312000 0.00065651584862886595
1491 0.20119886625737871000 0.00065651584862886595
1492 0.20150559027963721000 0.00065651584862886595
1493 0.20181230126208655000 0.00065651584862886595
1494 0.20211899924923493000 0.00065651584862886595
1495 0.20242568428559027000 0.00065651584862886595
1496 0.20273235641566095000 0.00065651584862886595
1497 0.20303901568395477000 0.00065651584862886595
1498 0.20334566213498012000 0.00065651584862886595
1499 0.20365229581324495000 0.00065651584862886595
1500 0.20395891676325728000 0.00065651584862886595
1501 0.20426552502952533000 0.00065651584862886595
1502 0.20457212065655717000 0.00065651584862886595
1503 0.20487870368886085000 0.00065651584862886595
1504 0.20518527417094456000 0.00065651584862886595
1505 0.20549183214731637000 0.00065651584862886595
1506 0.20579837766248432000 0.00065651584862886595
1507 0.20610491076095661000 0.00065651584862886595
1508 0.20641143148724128000 0.00065651584862886595
1509 0.20671793988584641000 0.00065651584862886595
1510 0.20702443600128018000 0.00065651584862886595
1511 0.20733091987805063000 0.00065651584862886595
1512 0.20763739156066574000 0.00065651584862886595
1513 0.20794385109363389000 0.00065651584862886595
1514 0.20825029852146304000 0.00065651584862886595
1515 0.20855673388866114000 0.00065651584862886595
1516 0.20886315723973659000 0.00065651584862886595
1517 0.20916956861919711000 0.00065651584862886595
1518 0.20947596807155122000 0.00065651584862886595
1519 0.20978235564130665000 0.00065651584862886595
1520 0.21008873137297179000 0.00065651584862886595
1521 0.21039509531105460000 0.00065651584862886595
1522 0.21070144750006325000 0.00065651584862886595
1523 0.21100778798450559000 0.00065651584862886595
1524 0.21131411680889012000 0.00065651584862886595
1525 0.21162043401772468000 0.00065651584862886595
1526 0.21192673965551745000 0.00065651584862886595
1527 0.21223303376677638000 0.00065651584862886595
1528 0.21253931639600976000 0.00065651584862886595
1529 0.21284558758772576000 0.00065651584862886595
1530 0.21315184738643222000 0.00065651584862886595
1531 0.21345809583663733000 0.00065651584862886595
1532 0.21376433298284925000 0.00065651584862886595
1533 0.21407055886957616000 0.00065651584862886595
1534 0.21437677354132589000 0.00065651584862886595
1535 0.21468297704260697000 0.00065651584862886595
1536 0.21498916941792701000 0.00065651584862886595
1537 0.21529535071179440000 0.00065651584862886595
1538 0.21560152096871710000 0.00065651584862886595
1539 0.21590768023320350000 0.00065651584862886595
1540 0.21621382854976123000 0.00065651584862886595
1541 0.21651996596289880000 0.00065651584862886595
1542 0.21682609251712404000 0.00065651584862886595
1543 0.21713220825694535000 0.00065651584862886595
1544 0.21743831322687057000 0.00065651584862886595
1545 0.21774440747140789000 0.00065651584862886595
1546 0.21805049103506535000 0.00065651584862886595
1547 0.21835656396235104000 0.00065651584862886595
1548 0.21866262629777322000 0.00065651584862886595
1549 0.21896867808583986000 0.00065651584862886595
1550 0.21927471937105913000 0.00065651584862886595
1551 0.21958075019793899000 0.00065651584862886595
1552 0.21988677061098771000 0.00065651584862886595
1553 0.22019278065471326000 0.00065651584862886595
1554 0.22049878037362391000 0.00065651584862886595
1555 0.22080476981222752000 0.00065651584862886595
1556 0.22111074901503236000 0.00065651584862886595
1557 0.22141671802654650000 0.00065651584862886595
1558 0.22172267689127800000 0.00065651584862886595
1559 0.22202862565373516000 0.00065651584862886595
1560 0.22233456435842569000 0.00065651584862886595
1561 0.22264049304985800000 0.00065651584862886595
1562 0.22294641177254004000 0.00065651584862886595
1563 0.22325232057097999000 0.00065651584862886595
1564 0.22355821948968591000 0.00065651584862886595
1565 0.22386410857316597000 0.00065651584862886595
1566 0.22416998786592812000 0.00065651584862886595
1567 0.22447585741248066000 0.00065651584862886595
1568 0.22478171725733154000 0.00065651584862886595
1569 0.22508756744498892000 0.00065651584862886595
1570 0.22539340801996088000 0.00065651584862886595
1571 0.22569923902675559000 0.00065651584862886595
1572 0.22600506050988101000 0.00065651584862886595
1573 0.22631087251384541000 0.00065651584862886595
1574 0.22661667508315675000 0.00065651584862886595
1575 0.22692246826232310000 0.00065651584862886595
1576 0.22722825209585273000 0.00065651584862886595
1577 0.22753402662825351000 0.00065651584862886595
1578 0.22783979190403392000 0.00065651584862886595
1579 0.22814554796770159000 0.00065651584862886595
1580 0.22845129486376492000 0.00065651584862886595
1581 0.22875703263673197000 0.00065651584862886595
1582 0.22906276133111081000 0.00065651584862886595
1583 0.22936848099140950000 0.00065651584862886595
1584 0.22967419166213621000 0.00065651584862886595
1585 0.22997989338779889000 0.00065651584862886595
1586 0.23028558621290596000 0.00065651584862886595
1587 0.23059127018196524000 0.00065651584862886595
1588 0.23089694533948479000 0.00065651584862886595
1589 0.23120261172997292000 0.00065651584862886595
1590 0.23150826939793767000 0.00065651584862886595
1591 0.23181391838788712000 0.00065651584862886595
1592 0.23211955874432921000 0.00065651584862886595
1593 0.23242519051177235000 0.00065651584862886595
1594 0.23273081373472437000 0.00065651584862886595
1595 0.23303642845769357000 0.00065651584862886595
1596 0.23334203472518777000 0.00065651584862886595
1597 0.23364763258171550000 0.00065651584862886595
1598 0.23395322207178448000 0.00065651584862886595
1599 0.23425880323990300000 0.00065651584862886595
1600 0.23456437613057901000 0.00065651584862886595
1601 0.23486994078832080000 0.00065651584862886595
1602 0.23517549725763642000 0.00065651584862886595
1603 0.23548104558303384000 0.00065651584862886595
1604 0.23578658580902134000 0.00065651584862886595
1605 0.23609211798010676000 0.00065651584862886595
1606 0.23639764214079861000 0.00065651584862886595
1607 0.23670315833560451000 0.00065651584862886595
1608 0.23700866660903297000 0.00065651584862886595
1609 0.23731416700559171000 0.00065651584862886595
1610 0.23761965956978925000 0.00065651584862886595
1611 0.23792514434613332000 0.00065651584862886595
1612 0.23823062137913231000 0.00065651584862886595
1613 0.23853609071329407000 0.00065651584862886595
1614 0.23884155239312699000 0.00065651584862886595
1615 0.23914700646313880000 0.00065651584862886595
1616 0.23945245296783790000 0.00065651584862886595
1617 0.23975789195173236000 0.00065651584862886595
1618 0.24006332345933001000 0.00065651584862886595
1619 0.24036874753513926000 0.00065651584862886595
1620 0.24067416422366805000 0.00065651584862886595
1621 0.24097957356942468000 0.00065651584862886595
1622 0.24128497561691686000 0.00065651584862886595
1623 0.24159037041065312000 0.00065651584862886595
1624 0.24189575799514118000 0.00065651584862886595
1625 0.24220113841488955000 0.00065651584862886595
1626 0.24250651171440596000 0.00065651584862886595
1627 0.24281187793819869000 0.00065651584862886595
1628 0.24311723713077582000 0.00065651584862886595
1629 0.24342258933664551000 0.00065651584862886595
1630 0.24372793460031561000 0.00065651584862886595
1631 0.24403327296629451000 0.00065651584862886595
1632 0.24433860447909028000 0.00065651584862886595
1633 0.24464392918321076000 0.00065651584862886595
1634 0.24494924712316435000 0.00065651584862886595
1635 0.24525455834345899000 0.00065651584862886595
1636 0.24555986288860276000 0.00065651584862886595
1637 0.24586516080310383000 0.00065651584862886595
1638 0.24617045213147037000 0.00065651584862886595
1639 0.24647573691821034000 0.00065651584862886595
1640 0.24678101520783191000 0.00065651584862886595
1641 0.24708628704484314000 0.00065651584862886595
1642 0.24739155247375233000 0.00065651584862886595
1643 0.24769681153906709000 0.00065651584862886595
1644 0.24800206428529614000 0.00065651584862886595
1645 0.24830731075694701000 0.00065651584862886595
1646 0.24861255099852830000 0.00065651584862886595
1647 0.24891778505454787000 0.00065651584862886595
1648 0.24922301296951366000 0.00065651584862886595
1649 0.24952823478793407000 0.00065651584862886595
1650 0.24983345055431694000 0.00065651584862886595
1651 0.25013866031317067000 0.00065651584862886595
1652 0.25044386410900299000 0.00065651584862886595
1653 0.25074906198632230000 0.00065651584862886595
1654 0.25105425398963654000 0.00065651584862886595
1655 0.25135944016345391000 0.00065651584862886595
1656 0.25166462055228245000 0.00065651584862886595
1657 0.25196979520063034000 0.00065651584862886595
1658 0.25227496415300554000 0.00065651584862886595
1659 0.25258012745391634000 0.00065651584862886595
1660 0.25288528514787056000 0.00065651584862886595
1661 0.25319043727937662000 0.00065651584862886595
1662 0.25349558389294247000 0.00065651584862886595
1663 0.25380072503307605000 0.00065651584862886595
1664 0.25410586074428576000 0.00065651584862886595
1665 0.25441099107107945000 0.00065651584862886595
1666 0.25471611605796551000 0.00065651584862886595
1667 0.25502123574945168000 0.00065651584862886595
1668 0.25532635019004635000 0.00065651584862886595
1669 0.25563145942425736000 0.00065651584862886595
1670 0.25593656349659311000 0.00065651584862886595
1671 0.25624166245156144000 0.00065651584862886595
1672 0.25654675633367063000 0.00065651584862886595
1673 0.25685184518742854000 0.00065651584862886595
1674 0.25715692905734366000 0.00065651584862886595
1675 0.25746200798792374000 0.00065651584862886595
1676 0.25776708202367704000 0.00065651584862886595
1677 0.25807215120911176000 0.00065651584862886595
1678 0.25837721558873561000 0.00065651584862886595
1679 0.25868227520705711000 0.00065651584862886595
1680 0.25898733010858421000 0.00065651584862886595
1681 0.25929238033782498000 0.00065651584862886595
1682 0.25959742593928736000 0.00065651584862886595
1683 0.25990246695747987000 0.00065651584862886595
1684 0.26020750343691024000 0.00065651584862886595
1685 0.26051253542208674000 0.00065651584862886595
1686 0.26081756295751735000 0.00065651584862886595
1687 0.26112258608771033000 0.00065651584862886595
1688 0.26142760485717365000 0.00065651584862886595
1689 0.26173261931041558000 0.00065651584862886595
1690 0.26203762949194387000 0.00065651584862886595
1691 0.26234263544626713000 0.00065651584862886595
1692 0.26264763721789308000 0.00065651584862886595
1693 0.26295263485132980000 0.00065651584862886595
1694 0.26325762839108557000 0.00065651584862886595
1695 0.26356261788166835000 0.00065651584862886595
1696 0.26386760336758652000 0.00065651584862886595
1697 0.26417258489334772000 0.00065651584862886595
1698 0.26447756250346055000 0.00065651584862886595
1699 0.26478253624243264000 0.00065651584862886595
1700 0.26508750615477250000 0.00065651584862886595
1701 0.26539247228498797000 0.00065651584862886595
1702 0.26569743467758722000 0.00065651584862886595
1703 0.26600239337707832000 0.00065651584862886595
1704 0.26630734842796955000 0.00065651584862886595
1705 0.26661229987476875000 0.00065651584862886595
1706 0.26691724776198422000 0.00065651584862886595
1707 0.26722219213412390000 0.00065651584862886595
1708 0.26752713303569597000 0.00065651584862886595
1709 0.26783207051120861000 0.00065651584862886595
1710 0.26813700460516976000 0.00065651584862886595
1711 0.26844193536208760000 0.00065651584862886595
1712 0.26874686282647020000 0.00065651584862886595
1713 0.26905178704282573000 0.00065651584862886595
1714 0.26935670805566214000 0.00065651584862886595
1715 0.26966162590948783000 0.00065651584862886595
1716 0.26996654064881054000 0.00065651584862886595
1717 0.27027145231813876000 0.00065651584862886595
1718 0.27057636096198012000 0.00065651584862886595
1719 0.27088126662484313000 0.00065651584862886595
1720 0.27118616935123552000 0.00065651584862886595
1721 0.27149106918566590000 0.00065651584862886595
1722 0.27179596617264190000 0.00065651584862886595
1723 0.27210086035667169000 0.00065651584862886595
1724 0.27240575178226367000 0.00065651584862886595
1725 0.27271064049392557000 0.00065651584862886595
1726 0.27301552653616579000 0.00065651584862886595
1727 0.27332040995349216000 0.00065651584862886595
1728 0.27362529079041298000 0.00065651584862886595
1729 0.27393016909143630000 0.00065651584862886595
1730 0.27423504490107031000 0.00065651584862886595
1731 0.27453991826382274000 0.00065651584862886595
1732 0.27484478922420219000 0.00065651584862886595
1733 0.27514965782671641000 0.00065651584862886595
1734 0.27545452411587368000 0.00065651584862886595
1735 0.27575938813618195000 0.00065651584862886595
1736 0.27606424993214962000 0.00065651584862886595
1737 0.27636910954828442000 0.00065651584862886595
1738 0.27667396702909464000 0.00065651584862886595
1739 0.27697882241908833000 0.00065651584862886595
1740 0.27728367576277357000 0.00065651584862886595
1741 0.27758852710465853000 0.00065651584862886595
1742 0.27789337648925116000 0.00065651584862886595
1743 0.27819822396105987000 0.00065651584862886595
1744 0.27850306956459248000 0.00065651584862886595
1745 0.27880791334435717000 0.00065651584862886595
1746 0.27911275534486202000 0.00065651584862886595
1747 0.27941759561061530000 0.00065651584862886595
1748 0.27972243418612475000 0.00065651584862886595
1749 0.28002727111589887000 0.00065651584862886595
1750 0.28033210644444551000 0.00065651584862886595
1751 0.28063694021627283000 0.00065651584862886595
1752 0.28094177247588903000 0.00065651584862886595
1753 0.28124660326780193000 0.00065651584862886595
1754 0.28155143263652005000 0.00065651584862886595
1755 0.28185626062655100000 0.00065651584862886595
1756 0.28216108728240330000 0.00065651584862886595
1757 0.28246591264858478000 0.00065651584862886595
1758 0.28277073676960385000 0.00065651584862886595
1759 0.28307555968996823000 0.00065651584862886595
1760 0.28338038145418620000 0.00065651584862886595
1761 0.28368520210676584000 0.00065651584862886595
1762 0.28399002169221543000 0.00065651584862886595
1763 0.28429484025504270000 0.00065651584862886595
1764 0.28459965783975616000 0.00065651584862886595
1765 0.28490447449086354000 0.00065651584862886595
1766 0.28520929025287323000 0.00065651584862886595
1767 0.28551410517029319000 0.00065651584862886595
1768 0.28581891928763137000 0.00065651584862886595
1769 0.28612373264939628000 0.00065651584862886595
1770 0.28642854530009554000 0.00065651584862886595
1771 0.28673335728423777000 0.00065651584862886595
1772 0.28703816864633047000 0.00065651584862886595
1773 0.28734297943088227000 0.00065651584862886595
1774 0.28764778968240090000 0.00065651584862886595
1775 0.28795259944539475000 0.00065651584862886595
1776 0.28825740876437178000 0.00065651584862886595
1777 0.28856221768384016000 0.00065651584862886595
1778 0.28886702624830773000 0.00065651584862886595
1779 0.28917183450228290000 0.00065651584862886595
1780 0.28947664249027372000 0.00065651584862886595
1781 0.28978145025678803000 0.00065651584862886595
1782 0.29008625784633435000 0.00065651584862886595
1783 0.29039106530342040000 0.00065651584862886595
1784 0.29069587267255459000 0.00065651584862886595
1785 0.29100067999824464000 0.00065651584862886595
1786 0.29130548732499906000 0.00065651584862886595
1787 0.29161029469732569000 0.00065651584862886595
1788 0.29191510215973282000 0.00065651584862886595
1789 0.29221990975672829000 0.00065651584862886595
1790 0.29252471753282039000 0.00065651584862886595
1791 0.29282952553251718000 0.00065651584862886595
1792 0.29313433380032683000 0.00065651584862886595
1793 0.29343914238075730000 0.00065651584862886595
1794 0.29374395131831676000 0.00065651584862886595
1795 0.29404876065751340000 0.00065651584862886595
1796 0.29435357044285504000 0.00065651584862886595
1797 0.29465838071885009000 0.00065651584862886595
1798 0.29496319153000650000 0.00065651584862886595
1799 0.29526800292083244000 0.00065651584862886595
