pixel vinkelx vinkely
0 -0.26689028274525234000 0.00278736587723501120
1 -0.26525308439214640000 0.00278736587723501120
2 -0.26361832021786219000 0.00278736587723501120
3 -0.26198598109461230000 0.00278736587723501120
4 -0.26035605789460919000 0.00278736587723501120
5 -0.25872854149006536000 0.00278736587723501120
6 -0.25710342275319348000 0.00278736587723501120
7 -0.25548069255620603000 0.00278736587723501120
8 -0.25386034177131550000 0.00278736587723501120
9 -0.25224236127073457000 0.00278736587723501120
10 -0.25062674192667561000 0.00278736587723501120
11 -0.24901347461135120000 0.00278736587723501120
12 -0.24740255019697394000 0.00278736587723501120
13 -0.24579395955575628000 0.00278736587723501120
14 -0.24418769355991082000 0.00278736587723501120
15 -0.24258374308165015000 0.00278736587723501120
16 -0.24098209899318662000 0.00278736587723501120
17 -0.23938275216673305000 0.00278736587723501120
18 -0.23778569347450168000 0.00278736587723501120
19 -0.23619091378870527000 0.00278736587723501120
20 -0.23459840398155624000 0.00278736587723501120
21 -0.23300815492526722000 0.00278736587723501120
22 -0.23142015749205064000 0.00278736587723501120
23 -0.22983440255411908000 0.00278736587723501120
24 -0.22825088098368512000 0.00278736587723501120
25 -0.22666958365296130000 0.00278736587723501120
26 -0.22509050143416010000 0.00278736587723501120
27 -0.22351362519949408000 0.00278736587723501120
28 -0.22193894582117579000 0.00278736587723501120
29 -0.22036645417141770000 0.00278736587723501120
30 -0.21879614112243251000 0.00278736587723501120
31 -0.21722799754643257000 0.00278736587723501120
32 -0.21566201431563059000 0.00278736587723501120
33 -0.21409818230223898000 0.00278736587723501120
34 -0.21253649237847028000 0.00278736587723501120
35 -0.21097693541653711000 0.00278736587723501120
36 -0.20941950228865197000 0.00278736587723501120
37 -0.20786418386702743000 0.00278736587723501120
38 -0.20631097102387591000 0.00278736587723501120
39 -0.20475985463141011000 0.00278736587723501120
40 -0.20321082556184250000 0.00278736587723501120
41 -0.20166387468738556000 0.00278736587723501120
42 -0.20011899288025187000 0.00278736587723501120
43 -0.19857617101265396000 0.00278736587723501120
44 -0.19703539995680447000 0.00278736587723501120
45 -0.19549667058491577000 0.00278736587723501120
46 -0.19395997376920049000 0.00278736587723501120
47 -0.19242530038187117000 0.00278736587723501120
48 -0.19089264129514033000 0.00278736587723501120
49 -0.18936198738122056000 0.00278736587723501120
50 -0.18783332951232429000 0.00278736587723501120
51 -0.18630665856066414000 0.00278736587723501120
52 -0.18478196539845265000 0.00278736587723501120
53 -0.18325924089790230000 0.00278736587723501120
54 -0.18173847593122566000 0.00278736587723501120
55 -0.18021966137063533000 0.00278736587723501120
56 -0.17870278808834378000 0.00278736587723501120
57 -0.17718784695656353000 0.00278736587723501120
58 -0.17567482884750713000 0.00278736587723501120
59 -0.17416372463338720000 0.00278736587723501120
60 -0.17265452518641616000 0.00278736587723501120
61 -0.17114722137880661000 0.00278736587723501120
62 -0.16964180408277107000 0.00278736587723501120
63 -0.16813826417052208000 0.00278736587723501120
64 -0.16663659251427221000 0.00278736587723501120
65 -0.16513677998623399000 0.00278736587723501120
66 -0.16363881745861991000 0.00278736587723501120
67 -0.16214269580364254000 0.00278736587723501120
68 -0.16064840589351442000 0.00278736587723501120
69 -0.15915593860044813000 0.00278736587723501120
70 -0.15766528479665615000 0.00278736587723501120
71 -0.15617643535435100000 0.00278736587723501120
72 -0.15468938114574526000 0.00278736587723501120
73 -0.15320411304305148000 0.00278736587723501120
74 -0.15172062191848218000 0.00278736587723501120
75 -0.15023889864424983000 0.00278736587723501120
76 -0.14875893409256707000 0.00278736587723501120
77 -0.14728071913564644000 0.00278736587723501120
78 -0.14580424464570046000 0.00278736587723501120
79 -0.14432950149494156000 0.00278736587723501120
80 -0.14285648055558248000 0.00278736587723501120
81 -0.14138517269983553000 0.00278736587723501120
82 -0.13991556879991346000 0.00278736587723501120
83 -0.13844765972802858000 0.00278736587723501120
84 -0.13698143635639365000 0.00278736587723501120
85 -0.13551688955722113000 0.00278736587723501120
86 -0.13405401020272351000 0.00278736587723501120
87 -0.13259278916511336000 0.00278736587723501120
88 -0.13113321731660327000 0.00278736587723501120
89 -0.12967528552940571000 0.00278736587723501120
90 -0.12821898467573317000 0.00278736587723501120
91 -0.12676430562779833000 0.00278736587723501120
92 -0.12531123925781362000 0.00278736587723501120
93 -0.12385977643799162000 0.00278736587723501120
94 -0.12240990804054486000 0.00278736587723501120
95 -0.12096162493768586000 0.00278736587723501120
96 -0.11951491800162722000 0.00278736587723501120
97 -0.11806977810458147000 0.00278736587723501120
98 -0.11662619611876102000 0.00278736587723501120
99 -0.11518416291637851000 0.00278736587723501120
100 -0.11374366936964647000 0.00278736587723501120
101 -0.11230470635077749000 0.00278736587723501120
102 -0.11086726473198405000 0.00278736587723501120
103 -0.10943133538547867000 0.00278736587723501120
104 -0.10799690918347393000 0.00278736587723501120
105 -0.10656397699818237000 0.00278736587723501120
106 -0.10513252970181647000 0.00278736587723501120
107 -0.10370255816658874000 0.00278736587723501120
108 -0.10227405326471189000 0.00278736587723501120
109 -0.10084700586839829000 0.00278736587723501120
110 -0.09942140684986061600 0.00278736587723501120
111 -0.09799724708131124500 0.00278736587723501120
112 -0.09657451743496287000 0.00278736587723501120
113 -0.09515320878302790900 0.00278736587723501120
114 -0.09373331199771900400 0.00278736587723501120
115 -0.09231481795124857300 0.00278736587723501120
116 -0.09089771751582925700 0.00278736587723501120
117 -0.08948200156367353000 0.00278736587723501120
118 -0.08806766096699403200 0.00278736587723501120
119 -0.08665468659800318300 0.00278736587723501120
120 -0.08524306932891356800 0.00278736587723501120
121 -0.08383280003193771500 0.00278736587723501120
122 -0.08242386957928821100 0.00278736587723501120
123 -0.08101626884317747500 0.00278736587723501120
124 -0.07960998869581820100 0.00278736587723501120
125 -0.07820502000942281000 0.00278736587723501120
126 -0.07680135365620383000 0.00278736587723501120
127 -0.07539898050837395800 0.00278736587723501120
128 -0.07399789143814555800 0.00278736587723501120
129 -0.07259807731773126900 0.00278736587723501120
130 -0.07119952901934356600 0.00278736587723501120
131 -0.06980223741519503400 0.00278736587723501120
132 -0.06840619337749814800 0.00278736587723501120
133 -0.06701138777846554800 0.00278736587723501120
134 -0.06561781149030965200 0.00278736587723501120
135 -0.06422545538524310200 0.00278736587723501120
136 -0.06283431033547842700 0.00278736587723501120
137 -0.06144436721322804600 0.00278736587723501120
138 -0.06005561689070465500 0.00278736587723501120
139 -0.05866805024012067300 0.00278736587723501120
140 -0.05728165813368874000 0.00278736587723501120
141 -0.05589643144362127500 0.00278736587723501120
142 -0.05451236104213091900 0.00278736587723501120
143 -0.05312943780143014600 0.00278736587723501120
144 -0.05174765259373159700 0.00278736587723501120
145 -0.05036699629124769000 0.00278736587723501120
146 -0.04898745976619095500 0.00278736587723501120
147 -0.04760903389077403300 0.00278736587723501120
148 -0.04623170953720939800 0.00278736587723501120
149 -0.04485547757770963500 0.00278736587723501120
150 -0.04348032888448721800 0.00278736587723501120
151 -0.04210625432975473300 0.00278736587723501120
152 -0.04073324478572465400 0.00278736587723501120
153 -0.03936129112460956500 0.00278736587723501120
154 -0.03799038421862210900 0.00278736587723501120
155 -0.03662051493997459100 0.00278736587723501120
156 -0.03525167416087976500 0.00278736587723501120
157 -0.03388385275355004800 0.00278736587723501120
158 -0.03251704159019802600 0.00278736587723501120
159 -0.03115123154303622900 0.00278736587723501120
160 -0.02978641348427718500 0.00278736587723501120
161 -0.02842257828613342600 0.00278736587723501120
162 -0.02705971682081748100 0.00278736587723501120
163 -0.02569781996054193400 0.00278736587723501120
164 -0.02433687857751931600 0.00278736587723501120
165 -0.02297688354396215700 0.00278736587723501120
166 -0.02161782573208292900 0.00278736587723501120
167 -0.02025969601409427500 0.00278736587723501120
168 -0.01890248526220866800 0.00278736587723501120
169 -0.01754618434863858300 0.00278736587723501120
170 -0.01619078414559677000 0.00278736587723501120
171 -0.01483627552529553900 0.00278736587723501120
172 -0.01348264935994758500 0.00278736587723501120
173 -0.01212989652176532700 0.00278736587723501120
174 -0.01077800788296146000 0.00278736587723501120
175 -0.00942697431574829330 0.00278736587723501120
176 -0.00807678669233857780 0.00278736587723501120
177 -0.00672743588494478790 0.00278736587723501120
178 -0.00537891276577934230 0.00278736587723501120
179 -0.00403120820705499260 0.00278736587723501120
180 -0.00268431308098410200 0.00278736587723501120
181 -0.00133821825977931130 0.00278736587723501120
182 0.00000708538434696093 0.00278736587723501120
183 0.00135160697918207400 0.00278736587723501120
184 0.00269535565251344260 0.00278736587723501120
185 0.00403834053212870360 0.00278736587723501120
186 0.00538057074581510530 0.00278736587723501120
187 0.00672205542136028460 0.00278736587723501120
188 0.00806280368655160060 0.00278736587723501120
189 0.00940282466917657930 0.00278736587723501120
190 0.01074212749702263500 0.00278736587723501120
191 0.01208072129787729500 0.00278736587723501120
192 0.01341861519952797200 0.00278736587723501120
193 0.01475581832976208300 0.00278736587723501120
194 0.01609233981636720700 0.00278736587723501120
195 0.01742818878713065000 0.00278736587723501120
196 0.01876337436984004700 0.00278736587723501120
197 0.02009790569228270300 0.00278736587723501120
198 0.02143179188224619800 0.00278736587723501120
199 0.02276504206751789300 0.00278736587723501120
200 0.02409766537588536900 0.00278736587723501120
201 0.02542967093513603900 0.00278736587723501120
202 0.02676106787305726500 0.00278736587723501120
203 0.02809186531743668200 0.00278736587723501120
204 0.02942207239606153800 0.00278736587723501120
205 0.03075169823671952700 0.00278736587723501120
206 0.03208075196719795100 0.00278736587723501120
207 0.03340924271528439300 0.00278736587723501120
208 0.03473717960876621100 0.00278736587723501120
209 0.03606457177543087600 0.00278736587723501120
210 0.03739142834306591300 0.00278736587723501120
211 0.03871775843945868300 0.00278736587723501120
212 0.04004357119239676500 0.00278736587723501120
213 0.04136887572966752000 0.00278736587723501120
214 0.04269368117905852900 0.00278736587723501120
215 0.04401799666835715100 0.00278736587723501120
216 0.04534183132535085600 0.00278736587723501120
217 0.04666519427782717100 0.00278736587723501120
218 0.04798809465357345400 0.00278736587723501120
219 0.04931054158037728700 0.00278736587723501120
220 0.05063254418602602900 0.00278736587723501120
221 0.05195411159830726200 0.00278736587723501120
222 0.05327525294500823300 0.00278736587723501120
223 0.05459597735391669100 0.00278736587723501120
224 0.05591629395281988400 0.00278736587723501120
225 0.05723621186950533800 0.00278736587723501120
226 0.05855574023176052200 0.00278736587723501120
227 0.05987488816737285300 0.00278736587723501120
228 0.06119366480412991000 0.00278736587723501120
229 0.06251207926981899900 0.00278736587723501120
230 0.06383014069222769900 0.00278736587723501120
231 0.06514785819914342700 0.00278736587723501120
232 0.06646524091835365200 0.00278736587723501120
233 0.06778229797764590000 0.00278736587723501120
234 0.06909903850480747500 0.00278736587723501120
235 0.07041547162762595800 0.00278736587723501120
236 0.07173160647388876500 0.00278736587723501120
237 0.07304745217138342000 0.00278736587723501120
238 0.07436301784789728400 0.00278736587723501120
239 0.07567831263121793700 0.00278736587723501120
240 0.07699334564913279400 0.00278736587723501120
241 0.07830812602942921500 0.00278736587723501120
242 0.07962266289989483600 0.00278736587723501120
243 0.08093696538831696200 0.00278736587723501120
244 0.08225104262248317300 0.00278736587723501120
245 0.08356490373018082800 0.00278736587723501120
246 0.08487855783919751000 0.00278736587723501120
247 0.08619201407732063300 0.00278736587723501120
248 0.08750528157233755700 0.00278736587723501120
249 0.08881836945203591700 0.00278736587723501120
250 0.09013128684420296200 0.00278736587723501120
251 0.09144404287662638600 0.00278736587723501120
252 0.09275664667709349100 0.00278736587723501120
253 0.09406910737339185800 0.00278736587723501120
254 0.09538143409330879200 0.00278736587723501120
255 0.09669363596463193000 0.00278736587723501120
256 0.09800572211514863000 0.00278736587723501120
257 0.09931770167264630800 0.00278736587723501120
258 0.10062958376491254000 0.00278736587723501120
259 0.10194137751973470000 0.00278736587723501120
260 0.10325309206490035000 0.00278736587723501120
261 0.10456473652819681000 0.00278736587723501120
262 0.10587632003741171000 0.00278736587723501120
263 0.10718785172033235000 0.00278736587723501120
264 0.10849934070474626000 0.00278736587723501120
265 0.10981079611844097000 0.00278736587723501120
266 0.11112222708920383000 0.00278736587723501120
267 0.11243364274482243000 0.00278736587723501120
268 0.11374505221308401000 0.00278736587723501120
269 0.11505646462177632000 0.00278736587723501120
270 0.11636788909868656000 0.00278736587723501120
271 0.11767933477160236000 0.00278736587723501120
272 0.11899081076831119000 0.00278736587723501120
273 0.12030232621660036000 0.00278736587723501120
274 0.12161389024425745000 0.00278736587723501120
275 0.12292551197906987000 0.00278736587723501120
276 0.12423720054882514000 0.00278736587723501120
277 0.12554896508131069000 0.00278736587723501120
278 0.12686081470431398000 0.00278736587723501120
279 0.12817275854562249000 0.00278736587723501120
280 0.12948480573302362000 0.00278736587723501120
281 0.13079696539430491000 0.00278736587723501120
282 0.13210924665725376000 0.00278736587723501120
283 0.13342165864965766000 0.00278736587723501120
284 0.13473421049930406000 0.00278736587723501120
285 0.13604691133398050000 0.00278736587723501120
286 0.13735977028147434000 0.00278736587723501120
287 0.13867279646957309000 0.00278736587723501120
288 0.13998599902606418000 0.00278736587723501120
289 0.14129938707873507000 0.00278736587723501120
290 0.14261296975537330000 0.00278736587723501120
291 0.14392675618376621000 0.00278736587723501120
292 0.14524075549170140000 0.00278736587723501120
293 0.14655497680696616000 0.00278736587723501120
294 0.14786942925734814000 0.00278736587723501120
295 0.14918412197063463000 0.00278736587723501120
296 0.15049906407461328000 0.00278736587723501120
297 0.15181426469707143000 0.00278736587723501120
298 0.15312973296579646000 0.00278736587723501120
299 0.15444547800857605000 0.00278736587723501120
300 0.15576150895319740000 0.00278736587723501120
301 0.15707783492744826000 0.00278736587723501120
302 0.15839446505911581000 0.00278736587723501120
303 0.15971140847598775000 0.00278736587723501120
304 0.16102867430585138000 0.00278736587723501120
305 0.16234627167649424000 0.00278736587723501120
306 0.16366420971570383000 0.00278736587723501120
307 0.16498249755126754000 0.00278736587723501120
308 0.16630114431097270000 0.00278736587723501120
309 0.16762015912260703000 0.00278736587723501120
310 0.16893955111395792000 0.00278736587723501120
311 0.17025932941281280000 0.00278736587723501120
312 0.17157950314695908000 0.00278736587723501120
313 0.17290008144418417000 0.00278736587723501120
314 0.17422107343227577000 0.00278736587723501120
315 0.17554248823902113000 0.00278736587723501120
316 0.17686433499220783000 0.00278736587723501120
317 0.17818662281962316000 0.00278736587723501120
318 0.17950936084905483000 0.00278736587723501120
319 0.18083255820829020000 0.00278736587723501120
320 0.18215622402511666000 0.00278736587723501120
321 0.18348036742732171000 0.00278736587723501120
322 0.18480499754269275000 0.00278736587723501120
323 0.18613012349901742000 0.00278736587723501120
324 0.18745575442408308000 0.00278736587723501120
325 0.18878189944567719000 0.00278736587723501120
326 0.19010856769158707000 0.00278736587723501120
327 0.19143576828960046000 0.00278736587723501120
328 0.19276351036750466000 0.00278736587723501120
329 0.19409180305308715000 0.00278736587723501120
330 0.19542065547413540000 0.00278736587723501120
331 0.19675007675843675000 0.00278736587723501120
332 0.19808007603377892000 0.00278736587723501120
333 0.19941066242794925000 0.00278736587723501120
334 0.20074184506873516000 0.00278736587723501120
335 0.20207363308392406000 0.00278736587723501120
336 0.20340603560130355000 0.00278736587723501120
337 0.20473906174866102000 0.00278736587723501120
338 0.20607272065378396000 0.00278736587723501120
339 0.20740702144445983000 0.00278736587723501120
340 0.20874197324847593000 0.00278736587723501120
341 0.21007758519362008000 0.00278736587723501120
342 0.21141386640767945000 0.00278736587723501120
343 0.21275082601844159000 0.00278736587723501120
344 0.21408847315369389000 0.00278736587723501120
345 0.21542681694122384000 0.00278736587723501120
346 0.21676586650881902000 0.00278736587723501120
347 0.21810563098426683000 0.00278736587723501120
348 0.21944611949535470000 0.00278736587723501120
349 0.22078734116987003000 0.00278736587723501120
350 0.22212930513560042000 0.00278736587723501120
351 0.22347202052033327000 0.00278736587723501120
352 0.22481549645185600000 0.00278736587723501120
353 0.22615974205795619000 0.00278736587723501120
354 0.22750476646642104000 0.00278736587723501120
355 0.22885057880503834000 0.00278736587723501120
356 0.23019718820159540000 0.00278736587723501120
357 0.23154460378387970000 0.00278736587723501120
358 0.23289283467967853000 0.00278736587723501120
359 0.23424189001677970000 0.00278736587723501120
360 0.23559177892297040000 0.00278736587723501120
361 0.23694251052603826000 0.00278736587723501120
362 0.23829409395377060000 0.00278736587723501120
363 0.23964653833395483000 0.00278736587723501120
364 0.24099985279437869000 0.00278736587723501120
365 0.24235404646282938000 0.00278736587723501120
366 0.24370912846709453000 0.00278736587723501120
367 0.24506510793496145000 0.00278736587723501120
368 0.24642199399421766000 0.00278736587723501120
369 0.24777979577265069000 0.00278736587723501120
370 0.24913852239804796000 0.00278736587723501120
371 0.25049818299819687000 0.00278736587723501120
372 0.25185878670088496000 0.00278736587723501120
373 0.25322034263389964000 0.00278736587723501120
374 0.25458285992502844000 0.00278736587723501120
375 0.25594634770205887000 0.00278736587723501120
376 0.25731081509277814000 0.00278736587723501120
377 0.25867627122497389000 0.00278736587723501120
378 0.26004272522643362000 0.00278736587723501120
379 0.26141018622494477000 0.00278736587723501120
380 0.26277866334829475000 0.00278736587723501120
381 0.26414816572427097000 0.00278736587723501120
382 0.26551870248066106000 0.00278736587723501120
383 0.26689028274525234000 0.00278736587723501120
