pixel vinkelx vinkely
0 0.29679461864961199000 0.00032995510689228679
1 0.29641856129248290000 0.00032995510689228679
2 0.29604257893823271000 0.00032995510689228679
3 0.29566667154726034000 0.00032995510689228679
4 0.29529083907996434000 0.00032995510689228679
5 0.29491508149674339000 0.00032995510689228679
6 0.29453939875799628000 0.00032995510689228679
7 0.29416379082412170000 0.00032995510689228679
8 0.29378825765551830000 0.00032995510689228679
9 0.29341279921258479000 0.00032995510689228679
10 0.29303741545571993000 0.00032995510689228679
11 0.29266210634532241000 0.00032995510689228679
12 0.29228687184179081000 0.00032995510689228679
13 0.29191171190552401000 0.00032995510689228679
14 0.29153662649692058000 0.00032995510689228679
15 0.29116161557637932000 0.00032995510689228679
16 0.29078667910429890000 0.00032995510689228679
17 0.29041181704107799000 0.00032995510689228679
18 0.29003702934711528000 0.00032995510689228679
19 0.28966231598280956000 0.00032995510689228679
20 0.28928767690855950000 0.00032995510689228679
21 0.28891311208476378000 0.00032995510689228679
22 0.28853862147182108000 0.00032995510689228679
23 0.28816420503013018000 0.00032995510689228679
24 0.28778986272008966000 0.00032995510689228679
25 0.28741559450209830000 0.00032995510689228679
26 0.28704140033655490000 0.00032995510689228679
27 0.28666728018385801000 0.00032995510689228679
28 0.28629323400440643000 0.00032995510689228679
29 0.28591926175859872000 0.00032995510689228679
30 0.28554536340683379000 0.00032995510689228679
31 0.28517153890951019000 0.00032995510689228679
32 0.28479778822702662000 0.00032995510689228679
33 0.28442411131978196000 0.00032995510689228679
34 0.28405050814817467000 0.00032995510689228679
35 0.28367697867260366000 0.00032995510689228679
36 0.28330352285346749000 0.00032995510689228679
37 0.28293014065116495000 0.00032995510689228679
38 0.28255683202609472000 0.00032995510689228679
39 0.28218359693865536000 0.00032995510689228679
40 0.28181043534924588000 0.00032995510689228679
41 0.28143734721826474000 0.00032995510689228679
42 0.28106433250611074000 0.00032995510689228679
43 0.28069139117318243000 0.00032995510689228679
44 0.28031852317987882000 0.00032995510689228679
45 0.27994572848659827000 0.00032995510689228679
46 0.27957300705373977000 0.00032995510689228679
47 0.27920035884170180000 0.00032995510689228679
48 0.27882778381088325000 0.00032995510689228679
49 0.27845528192168267000 0.00032995510689228679
50 0.27808285313449888000 0.00032995510689228679
51 0.27771049740973053000 0.00032995510689228679
52 0.27733821470777631000 0.00032995510689228679
53 0.27696600498903490000 0.00032995510689228679
54 0.27659386821390508000 0.00032995510689228679
55 0.27622180434278543000 0.00032995510689228679
56 0.27584981333607483000 0.00032995510689228679
57 0.27547789515417187000 0.00032995510689228679
58 0.27510604975747521000 0.00032995510689228679
59 0.27473427710638376000 0.00032995510689228679
60 0.27436257716129597000 0.00032995510689228679
61 0.27399094988261063000 0.00032995510689228679
62 0.27361939523072654000 0.00032995510689228679
63 0.27324791316604224000 0.00032995510689228679
64 0.27287650364895655000 0.00032995510689228679
65 0.27250516663986823000 0.00032995510689228679
66 0.27213390209917587000 0.00032995510689228679
67 0.27176270998727814000 0.00032995510689228679
68 0.27139159026457382000 0.00032995510689228679
69 0.27102054289146160000 0.00032995510689228679
70 0.27064956782834015000 0.00032995510689228679
71 0.27027866503560827000 0.00032995510689228679
72 0.26990783447366451000 0.00032995510689228679
73 0.26953707610290778000 0.00032995510689228679
74 0.26916638988373653000 0.00032995510689228679
75 0.26879577577654967000 0.00032995510689228679
76 0.26842523374174587000 0.00032995510689228679
77 0.26805476373972370000 0.00032995510689228679
78 0.26768436573088206000 0.00032995510689228679
79 0.26731403967561940000 0.00032995510689228679
80 0.26694378553433473000 0.00032995510689228679
81 0.26657360326742652000 0.00032995510689228679
82 0.26620349283529354000 0.00032995510689228679
83 0.26583345419833448000 0.00032995510689228679
84 0.26546348731694802000 0.00032995510689228679
85 0.26509359215153305000 0.00032995510689228679
86 0.26472376866248803000 0.00032995510689228679
87 0.26435401681021176000 0.00032995510689228679
88 0.26398433655510301000 0.00032995510689228679
89 0.26361472785756035000 0.00032995510689228679
90 0.26324519067798258000 0.00032995510689228679
91 0.26287572497676837000 0.00032995510689228679
92 0.26250633071431639000 0.00032995510689228679
93 0.26213700785102545000 0.00032995510689228679
94 0.26176775634729421000 0.00032995510689228679
95 0.26139857616352125000 0.00032995510689228679
96 0.26102946726010545000 0.00032995510689228679
97 0.26066042959744540000 0.00032995510689228679
98 0.26029146313593987000 0.00032995510689228679
99 0.25992256783598744000 0.00032995510689228679
100 0.25955374365798700000 0.00032995510689228679
101 0.25918499056233713000 0.00032995510689228679
102 0.25881630850943649000 0.00032995510689228679
103 0.25844769745968399000 0.00032995510689228679
104 0.25807915737347809000 0.00032995510689228679
105 0.25771068821121768000 0.00032995510689228679
106 0.25734228993330133000 0.00032995510689228679
107 0.25697396250012772000 0.00032995510689228679
108 0.25660570587209575000 0.00032995510689228679
109 0.25623752000960398000 0.00032995510689228679
110 0.25586940487305110000 0.00032995510689228679
111 0.25550136042283578000 0.00032995510689228679
112 0.25513338661935692000 0.00032995510689228679
113 0.25476548342301297000 0.00032995510689228679
114 0.25439765079420285000 0.00032995510689228679
115 0.25402988869332510000 0.00032995510689228679
116 0.25366219708077864000 0.00032995510689228679
117 0.25329457591696192000 0.00032995510689228679
118 0.25292702516227372000 0.00032995510689228679
119 0.25255954477711284000 0.00032995510689228679
120 0.25219213472187785000 0.00032995510689228679
121 0.25182479495696752000 0.00032995510689228679
122 0.25145752544278055000 0.00032995510689228679
123 0.25109032613971571000 0.00032995510689228679
124 0.25072319700817158000 0.00032995510689228679
125 0.25035613800854695000 0.00032995510689228679
126 0.24998914910124048000 0.00032995510689228679
127 0.24962223024665098000 0.00032995510689228679
128 0.24925538140517689000 0.00032995510689228679
129 0.24888860253721723000 0.00032995510689228679
130 0.24852189360317045000 0.00032995510689228679
131 0.24815525456343546000 0.00032995510689228679
132 0.24778868537841081000 0.00032995510689228679
133 0.24742218600849530000 0.00032995510689228679
134 0.24705575641408750000 0.00032995510689228679
135 0.24668939655558619000 0.00032995510689228679
136 0.24632310639339017000 0.00032995510689228679
137 0.24595688588789810000 0.00032995510689228679
138 0.24559073499950856000 0.00032995510689228679
139 0.24522465368862034000 0.00032995510689228679
140 0.24485864191563211000 0.00032995510689228679
141 0.24449269964094267000 0.00032995510689228679
142 0.24412682682495057000 0.00032995510689228679
143 0.24376102342805472000 0.00032995510689228679
144 0.24339528941065358000 0.00032995510689228679
145 0.24302962473314604000 0.00032995510689228679
146 0.24266402935593068000 0.00032995510689228679
147 0.24229850323940638000 0.00032995510689228679
148 0.24193304634397161000 0.00032995510689228679
149 0.24156765863002516000 0.00032995510689228679
150 0.24120234005796581000 0.00032995510689228679
151 0.24083709058819225000 0.00032995510689228679
152 0.24047191018110314000 0.00032995510689228679
153 0.24010679879709718000 0.00032995510689228679
154 0.23974175639657302000 0.00032995510689228679
155 0.23937678293992948000 0.00032995510689228679
156 0.23901187838756521000 0.00032995510689228679
157 0.23864704269987891000 0.00032995510689228679
158 0.23828227583726924000 0.00032995510689228679
159 0.23791757776013500000 0.00032995510689228679
160 0.23755294842887476000 0.00032995510689228679
161 0.23718838780388740000 0.00032995510689228679
162 0.23682389584557151000 0.00032995510689228679
163 0.23645947251432575000 0.00032995510689228679
164 0.23609511777054892000 0.00032995510689228679
165 0.23573083157463970000 0.00032995510689228679
166 0.23536661388699676000 0.00032995510689228679
167 0.23500246466801877000 0.00032995510689228679
168 0.23463838387810454000 0.00032995510689228679
169 0.23427437147765273000 0.00032995510689228679
170 0.23391042742706203000 0.00032995510689228679
171 0.23354655168673111000 0.00032995510689228679
172 0.23318274421705876000 0.00032995510689228679
173 0.23281900497844366000 0.00032995510689228679
174 0.23245533393128437000 0.00032995510689228679
175 0.23209173103597980000 0.00032995510689228679
176 0.23172819625292851000 0.00032995510689228679
177 0.23136472954252929000 0.00032995510689228679
178 0.23100133086518071000 0.00032995510689228679
179 0.23063800018128167000 0.00032995510689228679
180 0.23027473745123073000 0.00032995510689228679
181 0.22991154263542668000 0.00032995510689228679
182 0.22954841569426809000 0.00032995510689228679
183 0.22918535658815387000 0.00032995510689228679
184 0.22882236527748256000 0.00032995510689228679
185 0.22845944172265287000 0.00032995510689228679
186 0.22809658588406356000 0.00032995510689228679
187 0.22773379772211333000 0.00032995510689228679
188 0.22737107719720084000 0.00032995510689228679
189 0.22700842426972490000 0.00032995510689228679
190 0.22664583890008405000 0.00032995510689228679
191 0.22628332104867710000 0.00032995510689228679
192 0.22592087067590272000 0.00032995510689228679
193 0.22555848774215959000 0.00032995510689228679
194 0.22519617220784649000 0.00032995510689228679
195 0.22483392403336211000 0.00032995510689228679
196 0.22447174317910501000 0.00032995510689228679
197 0.22410962960547409000 0.00032995510689228679
198 0.22374758327286803000 0.00032995510689228679
199 0.22338560414168540000 0.00032995510689228679
200 0.22302369217232498000 0.00032995510689228679
201 0.22266184732518546000 0.00032995510689228679
202 0.22230006956066550000 0.00032995510689228679
203 0.22193835883916391000 0.00032995510689228679
204 0.22157671512107935000 0.00032995510689228679
205 0.22121513836681050000 0.00032995510689228679
206 0.22085362853675611000 0.00032995510689228679
207 0.22049218559131478000 0.00032995510689228679
208 0.22013080949088532000 0.00032995510689228679
209 0.21976950019586639000 0.00032995510689228679
210 0.21940825766665667000 0.00032995510689228679
211 0.21904708186365490000 0.00032995510689228679
212 0.21868597274725976000 0.00032995510689228679
213 0.21832493027787003000 0.00032995510689228679
214 0.21796395441588429000 0.00032995510689228679
215 0.21760304512170131000 0.00032995510689228679
216 0.21724220235571978000 0.00032995510689228679
217 0.21688142607833844000 0.00032995510689228679
218 0.21652071624995595000 0.00032995510689228679
219 0.21616007283097094000 0.00032995510689228679
220 0.21579949578178231000 0.00032995510689228679
221 0.21543898506278858000 0.00032995510689228679
222 0.21507854063438858000 0.00032995510689228679
223 0.21471816245698094000 0.00032995510689228679
224 0.21435785049096434000 0.00032995510689228679
225 0.21399760469673756000 0.00032995510689228679
226 0.21363742503469929000 0.00032995510689228679
227 0.21327731146524814000 0.00032995510689228679
228 0.21291726394878291000 0.00032995510689228679
229 0.21255728244570227000 0.00032995510689228679
230 0.21219736691640495000 0.00032995510689228679
231 0.21183751732128964000 0.00032995510689228679
232 0.21147773362075500000 0.00032995510689228679
233 0.21111801577519979000 0.00032995510689228679
234 0.21075836374502266000 0.00032995510689228679
235 0.21039877749062241000 0.00032995510689228679
236 0.21003925697239761000 0.00032995510689228679
237 0.20967980215074705000 0.00032995510689228679
238 0.20932041298606940000 0.00032995510689228679
239 0.20896108943876346000 0.00032995510689228679
240 0.20860183146922773000 0.00032995510689228679
241 0.20824263903786111000 0.00032995510689228679
242 0.20788351210506217000 0.00032995510689228679
243 0.20752445063122971000 0.00032995510689228679
244 0.20716545457676239000 0.00032995510689228679
245 0.20680652390205895000 0.00032995510689228679
246 0.20644765856751801000 0.00032995510689228679
247 0.20608885853353831000 0.00032995510689228679
248 0.20573012376051858000 0.00032995510689228679
249 0.20537145420885750000 0.00032995510689228679
250 0.20501284983895379000 0.00032995510689228679
251 0.20465431061120615000 0.00032995510689228679
252 0.20429583648601329000 0.00032995510689228679
253 0.20393742742377385000 0.00032995510689228679
254 0.20357908338488662000 0.00032995510689228679
255 0.20322080432975026000 0.00032995510689228679
256 0.20286259021876352000 0.00032995510689228679
257 0.20250444101232501000 0.00032995510689228679
258 0.20214635667083347000 0.00032995510689228679
259 0.20178833715468764000 0.00032995510689228679
260 0.20143038242428624000 0.00032995510689228679
261 0.20107249244002789000 0.00032995510689228679
262 0.20071466716231134000 0.00032995510689228679
263 0.20035690655153532000 0.00032995510689228679
264 0.19999921056809844000 0.00032995510689228679
265 0.19964157917239955000 0.00032995510689228679
266 0.19928401232483722000 0.00032995510689228679
267 0.19892650998581024000 0.00032995510689228679
268 0.19856907211571728000 0.00032995510689228679
269 0.19821169867495697000 0.00032995510689228679
270 0.19785438962392815000 0.00032995510689228679
271 0.19749714492302939000 0.00032995510689228679
272 0.19713996453265953000 0.00032995510689228679
273 0.19678284841321719000 0.00032995510689228679
274 0.19642579652510106000 0.00032995510689228679
275 0.19606880882870986000 0.00032995510689228679
276 0.19571188528444233000 0.00032995510689228679
277 0.19535502585269715000 0.00032995510689228679
278 0.19499823049387299000 0.00032995510689228679
279 0.19464149916836859000 0.00032995510689228679
280 0.19428483183658263000 0.00032995510689228679
281 0.19392822845891389000 0.00032995510689228679
282 0.19357168899576094000 0.00032995510689228679
283 0.19321521340752257000 0.00032995510689228679
284 0.19285880165459751000 0.00032995510689228679
285 0.19250245369738439000 0.00032995510689228679
286 0.19214616949628194000 0.00032995510689228679
287 0.19178994901168883000 0.00032995510689228679
288 0.19143379220400386000 0.00032995510689228679
289 0.19107769903362559000 0.00032995510689228679
290 0.19072166946095287000 0.00032995510689228679
291 0.19036570344638437000 0.00032995510689228679
292 0.19000980095031872000 0.00032995510689228679
293 0.18965396193315465000 0.00032995510689228679
294 0.18929818635529089000 0.00032995510689228679
295 0.18894247417712612000 0.00032995510689228679
296 0.18858682535905907000 0.00032995510689228679
297 0.18823123986148843000 0.00032995510689228679
298 0.18787571764481287000 0.00032995510689228679
299 0.18752025866943117000 0.00032995510689228679
300 0.18716486289574197000 0.00032995510689228679
301 0.18680953028414399000 0.00032995510689228679
302 0.18645426079503591000 0.00032995510689228679
303 0.18609905438881646000 0.00032995510689228679
304 0.18574391102588439000 0.00032995510689228679
305 0.18538883066663825000 0.00032995510689228679
306 0.18503381327147694000 0.00032995510689228679
307 0.18467885880079904000 0.00032995510689228679
308 0.18432396721500327000 0.00032995510689228679
309 0.18396913847448837000 0.00032995510689228679
310 0.18361437253965296000 0.00032995510689228679
311 0.18325966937089588000 0.00032995510689228679
312 0.18290502892861571000 0.00032995510689228679
313 0.18255045117321117000 0.00032995510689228679
314 0.18219593606508105000 0.00032995510689228679
315 0.18184148356462393000 0.00032995510689228679
316 0.18148709363223864000 0.00032995510689228679
317 0.18113276622832380000 0.00032995510689228679
318 0.18077850131327811000 0.00032995510689228679
319 0.18042429884750033000 0.00032995510689228679
320 0.18007015879138910000 0.00032995510689228679
321 0.17971608110534315000 0.00032995510689228679
322 0.17936206574976121000 0.00032995510689228679
323 0.17900811268504191000 0.00032995510689228679
324 0.17865422187158403000 0.00032995510689228679
325 0.17830039326978625000 0.00032995510689228679
326 0.17794662684004725000 0.00032995510689228679
327 0.17759292254276582000 0.00032995510689228679
328 0.17723928033834052000 0.00032995510689228679
329 0.17688570018717015000 0.00032995510689228679
330 0.17653218204965337000 0.00032995510689228679
331 0.17617872588618888000 0.00032995510689228679
332 0.17582533165717545000 0.00032995510689228679
333 0.17547199932301177000 0.00032995510689228679
334 0.17511872884409646000 0.00032995510689228679
335 0.17476552018082830000 0.00032995510689228679
336 0.17441237329360593000 0.00032995510689228679
337 0.17405928814282812000 0.00032995510689228679
338 0.17370626468889355000 0.00032995510689228679
339 0.17335330289220091000 0.00032995510689228679
340 0.17300040271314893000 0.00032995510689228679
341 0.17264756411213628000 0.00032995510689228679
342 0.17229478704956169000 0.00032995510689228679
343 0.17194207148582386000 0.00032995510689228679
344 0.17158941738132144000 0.00032995510689228679
345 0.17123682469645318000 0.00032995510689228679
346 0.17088429339161781000 0.00032995510689228679
347 0.17053182342721396000 0.00032995510689228679
348 0.17017941476364040000 0.00032995510689228679
349 0.16982706736129582000 0.00032995510689228679
350 0.16947478118057896000 0.00032995510689228679
351 0.16912255618188843000 0.00032995510689228679
352 0.16877039232562296000 0.00032995510689228679
353 0.16841828957218130000 0.00032995510689228679
354 0.16806624788196212000 0.00032995510689228679
355 0.16771426721536409000 0.00032995510689228679
356 0.16736234753278595000 0.00032995510689228679
357 0.16701048879462643000 0.00032995510689228679
358 0.16665869096128422000 0.00032995510689228679
359 0.16630695399315798000 0.00032995510689228679
360 0.16595527785064645000 0.00032995510689228679
361 0.16560366249414837000 0.00032995510689228679
362 0.16525210788406236000 0.00032995510689228679
363 0.16490061398078715000 0.00032995510689228679
364 0.16454918074472147000 0.00032995510689228679
365 0.16419780813626406000 0.00032995510689228679
366 0.16384649611581348000 0.00032995510689228679
367 0.16349524464376863000 0.00032995510689228679
368 0.16314405368052803000 0.00032995510689228679
369 0.16279292318649047000 0.00032995510689228679
370 0.16244185312205461000 0.00032995510689228679
371 0.16209084344761926000 0.00032995510689228679
372 0.16173989412358303000 0.00032995510689228679
373 0.16138900511034465000 0.00032995510689228679
374 0.16103817636830281000 0.00032995510689228679
375 0.16068740785785618000 0.00032995510689228679
376 0.16033669953940355000 0.00032995510689228679
377 0.15998605137334360000 0.00032995510689228679
378 0.15963546332007494000 0.00032995510689228679
379 0.15928493533999644000 0.00032995510689228679
380 0.15893446739350658000 0.00032995510689228679
381 0.15858405944100429000 0.00032995510689228679
382 0.15823371144288811000 0.00032995510689228679
383 0.15788342335955685000 0.00032995510689228679
384 0.15753319515140918000 0.00032995510689228679
385 0.15718302677884372000 0.00032995510689228679
386 0.15683291820225931000 0.00032995510689228679
387 0.15648286938205452000 0.00032995510689228679
388 0.15613288027862815000 0.00032995510689228679
389 0.15578295085237892000 0.00032995510689228679
390 0.15543308106370546000 0.00032995510689228679
391 0.15508327087300644000 0.00032995510689228679
392 0.15473352024068071000 0.00032995510689228679
393 0.15438382912712684000 0.00032995510689228679
394 0.15403419749274361000 0.00032995510689228679
395 0.15368462529792964000 0.00032995510689228679
396 0.15333511250308374000 0.00032995510689228679
397 0.15298565906860451000 0.00032995510689228679
398 0.15263626495489074000 0.00032995510689228679
399 0.15228693012234107000 0.00032995510689228679
400 0.15193765453135427000 0.00032995510689228679
401 0.15158843814232897000 0.00032995510689228679
402 0.15123928091566391000 0.00032995510689228679
403 0.15089018281175781000 0.00032995510689228679
404 0.15054114379100930000 0.00032995510689228679
405 0.15019216381381717000 0.00032995510689228679
406 0.14984324284058004000 0.00032995510689228679
407 0.14949438083169669000 0.00032995510689228679
408 0.14914557774756582000 0.00032995510689228679
409 0.14879683354858608000 0.00032995510689228679
410 0.14844814819515617000 0.00032995510689228679
411 0.14809952164767493000 0.00032995510689228679
412 0.14775095386654086000 0.00032995510689228679
413 0.14740244481215276000 0.00032995510689228679
414 0.14705399444490935000 0.00032995510689228679
415 0.14670560272520933000 0.00032995510689228679
416 0.14635726961345136000 0.00032995510689228679
417 0.14600899507003418000 0.00032995510689228679
418 0.14566077905535646000 0.00032995510689228679
419 0.14531262152981700000 0.00032995510689228679
420 0.14496452245381442000 0.00032995510689228679
421 0.14461648178774739000 0.00032995510689228679
422 0.14426849949201465000 0.00032995510689228679
423 0.14392057552701493000 0.00032995510689228679
424 0.14357270985314691000 0.00032995510689228679
425 0.14322490243080926000 0.00032995510689228679
426 0.14287715322040079000 0.00032995510689228679
427 0.14252946218232010000 0.00032995510689228679
428 0.14218182927696588000 0.00032995510689228679
429 0.14183425446473696000 0.00032995510689228679
430 0.14148673770603193000 0.00032995510689228679
431 0.14113927896124945000 0.00032995510689228679
432 0.14079187819078842000 0.00032995510689228679
433 0.14044453535504736000 0.00032995510689228679
434 0.14009725041442500000 0.00032995510689228679
435 0.13975002332932013000 0.00032995510689228679
436 0.13940285406013142000 0.00032995510689228679
437 0.13905574256725750000 0.00032995510689228679
438 0.13870868881109716000 0.00032995510689228679
439 0.13836169275204901000 0.00032995510689228679
440 0.13801475435051191000 0.00032995510689228679
441 0.13766787356688437000 0.00032995510689228679
442 0.13732105036156528000 0.00032995510689228679
443 0.13697428469495321000 0.00032995510689228679
444 0.13662757652744684000 0.00032995510689228679
445 0.13628092581944506000 0.00032995510689228679
446 0.13593433253134635000 0.00032995510689228679
447 0.13558779662354958000 0.00032995510689228679
448 0.13524131805645334000 0.00032995510689228679
449 0.13489489679045641000 0.00032995510689228679
450 0.13454853278595746000 0.00032995510689228679
451 0.13420222600335519000 0.00032995510689228679
452 0.13385597640304830000 0.00032995510689228679
453 0.13350978394543556000 0.00032995510689228679
454 0.13316364859091556000 0.00032995510689228679
455 0.13281757029988706000 0.00032995510689228679
456 0.13247154903274877000 0.00032995510689228679
457 0.13212558474989944000 0.00032995510689228679
458 0.13177967741173763000 0.00032995510689228679
459 0.13143382697866213000 0.00032995510689228679
460 0.13108803341107172000 0.00032995510689228679
461 0.13074229666936499000 0.00032995510689228679
462 0.13039661671394071000 0.00032995510689228679
463 0.13005099350519755000 0.00032995510689228679
464 0.12970542700353416000 0.00032995510689228679
465 0.12935991716934936000 0.00032995510689228679
466 0.12901446396304173000 0.00032995510689228679
467 0.12866906734501010000 0.00032995510689228679
468 0.12832372727565311000 0.00032995510689228679
469 0.12797844371536943000 0.00032995510689228679
470 0.12763321662455784000 0.00032995510689228679
471 0.12728804596361692000 0.00032995510689228679
472 0.12694293169294546000 0.00032995510689228679
473 0.12659787377294229000 0.00032995510689228679
474 0.12625287216400582000 0.00032995510689228679
475 0.12590792682653495000 0.00032995510689228679
476 0.12556303772092836000 0.00032995510689228679
477 0.12521820480758483000 0.00032995510689228679
478 0.12487342804690282000 0.00032995510689228679
479 0.12452870739928129000 0.00032995510689228679
480 0.12418404282511880000 0.00032995510689228679
481 0.12383943428481414000 0.00032995510689228679
482 0.12349488173876588000 0.00032995510689228679
483 0.12315038514737287000 0.00032995510689228679
484 0.12280594447103366000 0.00032995510689228679
485 0.12246155967014710000 0.00032995510689228679
486 0.12211723070511188000 0.00032995510689228679
487 0.12177295753632661000 0.00032995510689228679
488 0.12142874012419003000 0.00032995510689228679
489 0.12108457842910092000 0.00032995510689228679
490 0.12074047241145786000 0.00032995510689228679
491 0.12039642203165962000 0.00032995510689228679
492 0.12005242725010490000 0.00032995510689228679
493 0.11970848802719236000 0.00032995510689228679
494 0.11936460432332080000 0.00032995510689228679
495 0.11902077609888884000 0.00032995510689228679
496 0.11867700331429520000 0.00032995510689228679
497 0.11833328592993864000 0.00032995510689228679
498 0.11798962390621776000 0.00032995510689228679
499 0.11764601720353129000 0.00032995510689228679
500 0.11730246578227810000 0.00032995510689228679
501 0.11695896960285657000 0.00032995510689228679
502 0.11661552862566571000 0.00032995510689228679
503 0.11627214281110410000 0.00032995510689228679
504 0.11592881211957035000 0.00032995510689228679
505 0.11558553651146330000 0.00032995510689228679
506 0.11524231594718165000 0.00032995510689228679
507 0.11489915038712400000 0.00032995510689228679
508 0.11455603979168916000 0.00032995510689228679
509 0.11421298412127578000 0.00032995510689228679
510 0.11386998333628251000 0.00032995510689228679
511 0.11352703739710823000 0.00032995510689228679
512 0.11318414626415141000 0.00032995510689228679
513 0.11284130989781094000 0.00032995510689228679
514 0.11249852825848544000 0.00032995510689228679
515 0.11215580130657360000 0.00032995510689228679
516 0.11181312900247420000 0.00032995510689228679
517 0.11147051130658581000 0.00032995510689228679
518 0.11112794817930727000 0.00032995510689228679
519 0.11078543958103726000 0.00032995510689228679
520 0.11044298547217440000 0.00032995510689228679
521 0.11010058581311749000 0.00032995510689228679
522 0.10975824056426520000 0.00032995510689228679
523 0.10941594968601615000 0.00032995510689228679
524 0.10907371313876912000 0.00032995510689228679
525 0.10873153088292287000 0.00032995510689228679
526 0.10838940287887600000 0.00032995510689228679
527 0.10804732908702724000 0.00032995510689228679
528 0.10770530946777535000 0.00032995510689228679
529 0.10736334398151892000 0.00032995510689228679
530 0.10702143258865682000 0.00032995510689228679
531 0.10667957524958760000 0.00032995510689228679
532 0.10633777192471006000 0.00032995510689228679
533 0.10599602257442275000 0.00032995510689228679
534 0.10565432715912459000 0.00032995510689228679
535 0.10531268563921414000 0.00032995510689228679
536 0.10497109797509019000 0.00032995510689228679
537 0.10462956412715135000 0.00032995510689228679
538 0.10428808405579637000 0.00032995510689228679
539 0.10394665772142397000 0.00032995510689228679
540 0.10360528508443284000 0.00032995510689228679
541 0.10326396610522165000 0.00032995510689228679
542 0.10292270074418913000 0.00032995510689228679
543 0.10258148896173402000 0.00032995510689228679
544 0.10224033071825495000 0.00032995510689228679
545 0.10189922597415069000 0.00032995510689228679
546 0.10155817468981987000 0.00032995510689228679
547 0.10121717682566123000 0.00032995510689228679
548 0.10087623234207355000 0.00032995510689228679
549 0.10053534119945540000 0.00032995510689228679
550 0.10019450335820557000 0.00032995510689228679
551 0.09985371877872273300 0.00032995510689228679
552 0.09951298742140557400 0.00032995510689228679
553 0.09917230924665287900 0.00032995510689228679
554 0.09883168421486326900 0.00032995510689228679
555 0.09849111228643547800 0.00032995510689228679
556 0.09815059342176812900 0.00032995510689228679
557 0.09781012758126006500 0.00032995510689228679
558 0.09746971472530996400 0.00032995510689228679
559 0.09712935481431639300 0.00032995510689228679
560 0.09678904780867814100 0.00032995510689228679
561 0.09644879366879399700 0.00032995510689228679
562 0.09610859235506258300 0.00032995510689228679
563 0.09576844382788257700 0.00032995510689228679
564 0.09542834804765271100 0.00032995510689228679
565 0.09508830497477166500 0.00032995510689228679
566 0.09474831456963817000 0.00032995510689228679
567 0.09440837679265096100 0.00032995510689228679
568 0.09406849160420871500 0.00032995510689228679
569 0.09372865896471005400 0.00032995510689228679
570 0.09338887883455376800 0.00032995510689228679
571 0.09304915117413858900 0.00032995510689228679
572 0.09270947594386314000 0.00032995510689228679
573 0.09236985310412615400 0.00032995510689228679
574 0.09203028261532636400 0.00032995510689228679
575 0.09169076443786239300 0.00032995510689228679
576 0.09135129853213303000 0.00032995510689228679
577 0.09101188485853695100 0.00032995510689228679
578 0.09067252337747289100 0.00032995510689228679
579 0.09033321404933947200 0.00032995510689228679
580 0.08999395683453548200 0.00032995510689228679
581 0.08965475169345948900 0.00032995510689228679
582 0.08931559858651039200 0.00032995510689228679
583 0.08897649747408675800 0.00032995510689228679
584 0.08863744831658731900 0.00032995510689228679
585 0.08829845107441081100 0.00032995510689228679
586 0.08795950570795585400 0.00032995510689228679
587 0.08762061217762129300 0.00032995510689228679
588 0.08728177044380569500 0.00032995510689228679
589 0.08694298046690779300 0.00032995510689228679
590 0.08660424220732632100 0.00032995510689228679
591 0.08626555562546001100 0.00032995510689228679
592 0.08592692068170748600 0.00032995510689228679
593 0.08558833733646753500 0.00032995510689228679
594 0.08524980555013878000 0.00032995510689228679
595 0.08491132528311995400 0.00032995510689228679
596 0.08457289649580979100 0.00032995510689228679
597 0.08423451914860696800 0.00032995510689228679
598 0.08389619320191016300 0.00032995510689228679
599 0.08355791861611816500 0.00032995510689228679
600 0.08321969535162954100 0.00032995510689228679
601 0.08288152336884313500 0.00032995510689228679
602 0.08254340262815751400 0.00032995510689228679
603 0.08220533308997157700 0.00032995510689228679
604 0.08186731471468378100 0.00032995510689228679
605 0.08152934746269302500 0.00032995510689228679
606 0.08119143129439787600 0.00032995510689228679
607 0.08085356617019712200 0.00032995510689228679
608 0.08051575205048944200 0.00032995510689228679
609 0.08017798889567362400 0.00032995510689228679
610 0.07984027666614823500 0.00032995510689228679
611 0.07950261532231195400 0.00032995510689228679
612 0.07916500482456367800 0.00032995510689228679
613 0.07882744513330192100 0.00032995510689228679
614 0.07848993620892547000 0.00032995510689228679
615 0.07815247801183300400 0.00032995510689228679
616 0.07781507050242331100 0.00032995510689228679
617 0.07747771364109495900 0.00032995510689228679
618 0.07714040738824673400 0.00032995510689228679
619 0.07680315170427731700 0.00032995510689228679
620 0.07646594654958538400 0.00032995510689228679
621 0.07612879188456966900 0.00032995510689228679
622 0.07579168766962890400 0.00032995510689228679
623 0.07545463386516176900 0.00032995510689228679
624 0.07511763043156694000 0.00032995510689228679
625 0.07478067732924320600 0.00032995510689228679
626 0.07444377451858907900 0.00032995510689228679
627 0.07410692196000345800 0.00032995510689228679
628 0.07377011961388502100 0.00032995510689228679
629 0.07343336744063233600 0.00032995510689228679
630 0.07309666540064424500 0.00032995510689228679
631 0.07276001345431942800 0.00032995510689228679
632 0.07242341156205656100 0.00032995510689228679
633 0.07208685968425426700 0.00032995510689228679
634 0.07175035778131133600 0.00032995510689228679
635 0.07141390581362655500 0.00032995510689228679
636 0.07107750374159849100 0.00032995510689228679
637 0.07074115152562587800 0.00032995510689228679
638 0.07040484912610744900 0.00032995510689228679
639 0.07006859650344188200 0.00032995510689228679
640 0.06973239361802796600 0.00032995510689228679
641 0.06939624043026426700 0.00032995510689228679
642 0.06906013690054951800 0.00032995510689228679
643 0.06872408298928245300 0.00032995510689228679
644 0.06838807865686180600 0.00032995510689228679
645 0.06805212386368630900 0.00032995510689228679
646 0.06771621857015452900 0.00032995510689228679
647 0.06738036273666525600 0.00032995510689228679
648 0.06704455632361722200 0.00032995510689228679
649 0.06670879929140904900 0.00032995510689228679
650 0.06637309160043947100 0.00032995510689228679
651 0.06603743321110722200 0.00032995510689228679
652 0.06570182408381097800 0.00032995510689228679
653 0.06536626417894952900 0.00032995510689228679
654 0.06503075345692144200 0.00032995510689228679
655 0.06469529187812544900 0.00032995510689228679
656 0.06435987940296034000 0.00032995510689228679
657 0.06402451599182468200 0.00032995510689228679
658 0.06368920160511737400 0.00032995510689228679
659 0.06335393620323687100 0.00032995510689228679
660 0.06301871974658207500 0.00032995510689228679
661 0.06268355219555160600 0.00032995510689228679
662 0.06234843351054419900 0.00032995510689228679
663 0.06201336365195853100 0.00032995510689228679
664 0.06167834258019333500 0.00032995510689228679
665 0.06134337025564717800 0.00032995510689228679
666 0.06100844663871901600 0.00032995510689228679
667 0.06067357168980736000 0.00032995510689228679
668 0.06033874536931094200 0.00032995510689228679
669 0.06000396763762849700 0.00032995510689228679
670 0.05966923845515881300 0.00032995510689228679
671 0.05933455778230040100 0.00032995510689228679
672 0.05899992557945210600 0.00032995510689228679
673 0.05866534180701255000 0.00032995510689228679
674 0.05833080642538057700 0.00032995510689228679
675 0.05799631939495464300 0.00032995510689228679
676 0.05766188067613375900 0.00032995510689228679
677 0.05732749022931632500 0.00032995510689228679
678 0.05699314801490129600 0.00032995510689228679
679 0.05665885399328718400 0.00032995510689228679
680 0.05632460812487277700 0.00032995510689228679
681 0.05599041037005680900 0.00032995510689228679
682 0.05565626068923790200 0.00032995510689228679
683 0.05532215904281484500 0.00032995510689228679
684 0.05498810539118625900 0.00032995510689228679
685 0.05465409969475093500 0.00032995510689228679
686 0.05432014191390754900 0.00032995510689228679
687 0.05398623200905472400 0.00032995510689228679
688 0.05365236994059130500 0.00032995510689228679
689 0.05331855566891580100 0.00032995510689228679
690 0.05298478915442711400 0.00032995510689228679
691 0.05265107035752381000 0.00032995510689228679
692 0.05231739923860467800 0.00032995510689228679
693 0.05198377575806839600 0.00032995510689228679
694 0.05165019987631369600 0.00032995510689228679
695 0.05131667155373914600 0.00032995510689228679
696 0.05098319075074353400 0.00032995510689228679
697 0.05064975742772570600 0.00032995510689228679
698 0.05031637154508417100 0.00032995510689228679
699 0.04998303306321766300 0.00032995510689228679
700 0.04964974194252491600 0.00032995510689228679
701 0.04931649814340466300 0.00032995510689228679
702 0.04898330162625563800 0.00032995510689228679
703 0.04865015235147640600 0.00032995510689228679
704 0.04831705027946575600 0.00032995510689228679
705 0.04798399537062236800 0.00032995510689228679
706 0.04765098758534502800 0.00032995510689228679
707 0.04731802688403230500 0.00032995510689228679
708 0.04698511322708298600 0.00032995510689228679
709 0.04665224657489580600 0.00032995510689228679
710 0.04631942688786933000 0.00032995510689228679
711 0.04598665412640240400 0.00032995510689228679
712 0.04565392825089370500 0.00032995510689228679
713 0.04532124922174185500 0.00032995510689228679
714 0.04498861699934569900 0.00032995510689228679
715 0.04465603154410374700 0.00032995510689228679
716 0.04432349281641490000 0.00032995510689228679
717 0.04399100077667772400 0.00032995510689228679
718 0.04365855538529095400 0.00032995510689228679
719 0.04332615660265332100 0.00032995510689228679
720 0.04299380438916350400 0.00032995510689228679
721 0.04266149870522023500 0.00032995510689228679
722 0.04232923951122219400 0.00032995510689228679
723 0.04199702676756805800 0.00032995510689228679
724 0.04166486043465661400 0.00032995510689228679
725 0.04133274047288643100 0.00032995510689228679
726 0.04100066684265635300 0.00032995510689228679
727 0.04066863950436500100 0.00032995510689228679
728 0.04033665841841110900 0.00032995510689228679
729 0.04000472354519335500 0.00032995510689228679
730 0.03967283484511047200 0.00032995510689228679
731 0.03934099227856119300 0.00032995510689228679
732 0.03900919580594408600 0.00032995510689228679
733 0.03867744538765799400 0.00032995510689228679
734 0.03834574098410154000 0.00032995510689228679
735 0.03801408255567351200 0.00032995510689228679
736 0.03768247006277253300 0.00032995510689228679
737 0.03735090346579733600 0.00032995510689228679
738 0.03701938272514659900 0.00032995510689228679
739 0.03668790780121905500 0.00032995510689228679
740 0.03635647865441343800 0.00032995510689228679
741 0.03602509524512836900 0.00032995510689228679
742 0.03569375753376258200 0.00032995510689228679
743 0.03536246548071481100 0.00032995510689228679
744 0.03503121904638378800 0.00032995510689228679
745 0.03470001819116808100 0.00032995510689228679
746 0.03436886287546653300 0.00032995510689228679
747 0.03403775305967776700 0.00032995510689228679
748 0.03370668870420051600 0.00032995510689228679
749 0.03337566976943351400 0.00032995510689228679
750 0.03304469621577538200 0.00032995510689228679
751 0.03271376800362491000 0.00032995510689228679
752 0.03238288509338077500 0.00032995510689228679
753 0.03205204744544165600 0.00032995510689228679
754 0.03172125502020622900 0.00032995510689228679
755 0.03139050777807328400 0.00032995510689228679
756 0.03105980567944144300 0.00032995510689228679
757 0.03072914868470949500 0.00032995510689228679
758 0.03039853675427600700 0.00032995510689228679
759 0.03006796984853982200 0.00032995510689228679
760 0.02973744792789956300 0.00032995510689228679
761 0.02940697095275401900 0.00032995510689228679
762 0.02907653888350175700 0.00032995510689228679
763 0.02874615168054156500 0.00032995510689228679
764 0.02841580930427217700 0.00032995510689228679
765 0.02808551171509221500 0.00032995510689228679
766 0.02775525887340041200 0.00032995510689228679
767 0.02742505073959555800 0.00032995510689228679
768 0.02709488727407621800 0.00032995510689228679
769 0.02676476843724112700 0.00032995510689228679
770 0.02643469418948907200 0.00032995510689228679
771 0.02610466449121867600 0.00032995510689228679
772 0.02577467930282867400 0.00032995510689228679
773 0.02544473858471774100 0.00032995510689228679
774 0.02511484229728461200 0.00032995510689228679
775 0.02478499040092802000 0.00032995510689228679
776 0.02445518285604658700 0.00032995510689228679
777 0.02412541962303904600 0.00032995510689228679
778 0.02379570066230413100 0.00032995510689228679
779 0.02346602593424052000 0.00032995510689228679
780 0.02313639539924694500 0.00032995510689228679
781 0.02280680901772208500 0.00032995510689228679
782 0.02247726675006461700 0.00032995510689228679
783 0.02214776855667327500 0.00032995510689228679
784 0.02181831439794679200 0.00032995510689228679
785 0.02148890423428379000 0.00032995510689228679
786 0.02115953802608300200 0.00032995510689228679
787 0.02083021573374316300 0.00032995510689228679
788 0.02050093731766300400 0.00032995510689228679
789 0.02017170273824120400 0.00032995510689228679
790 0.01984251195587638500 0.00032995510689228679
791 0.01951336493096728100 0.00032995510689228679
792 0.01918426162391268000 0.00032995510689228679
793 0.01885520199511125900 0.00032995510689228679
794 0.01852618600496169800 0.00032995510689228679
795 0.01819721361386261700 0.00032995510689228679
796 0.01786828478221286200 0.00032995510689228679
797 0.01753939947041105500 0.00032995510689228679
798 0.01721055763885592800 0.00032995510689228679
799 0.01688175924794616000 0.00032995510689228679
800 0.01655300425808042800 0.00032995510689228679
801 0.01622429262965752200 0.00032995510689228679
802 0.01589562432307606300 0.00032995510689228679
803 0.01556699929873484000 0.00032995510689228679
804 0.01523841751703247600 0.00032995510689228679
805 0.01490987893836770400 0.00032995510689228679
806 0.01458138352313920200 0.00032995510689228679
807 0.01425293123174570200 0.00032995510689228679
808 0.01392452202458593900 0.00032995510689228679
809 0.01359615586205859000 0.00032995510689228679
810 0.01326783270456227700 0.00032995510689228679
811 0.01293955251249578900 0.00032995510689228679
812 0.01261131524625785900 0.00032995510689228679
813 0.01228312086624711000 0.00032995510689228679
814 0.01195496933286222000 0.00032995510689228679
815 0.01162686060650208700 0.00032995510689228679
816 0.01129879464756516900 0.00032995510689228679
817 0.01097077141645030900 0.00032995510689228679
818 0.01064279087355624000 0.00032995510689228679
819 0.01031485297928153000 0.00032995510689228679
820 0.00998695769402496710 0.00032995510689228679
821 0.00965910497818528450 0.00032995510689228679
822 0.00933129479216110450 0.00032995510689228679
823 0.00900352709635116040 0.00032995510689228679
824 0.00867580185115418570 0.00032995510689228679
825 0.00834811901696891350 0.00032995510689228679
826 0.00802047855419391050 0.00032995510689228679
827 0.00769288042322802120 0.00032995510689228679
828 0.00736532458446986780 0.00032995510689228679
829 0.00703781099831818360 0.00032995510689228679
830 0.00671033962517164630 0.00032995510689228679
831 0.00638291042542904470 0.00032995510689228679
832 0.00605552335948900120 0.00032995510689228679
833 0.00572817838775013800 0.00032995510689228679
834 0.00540087547061135490 0.00032995510689228679
835 0.00507361456847121860 0.00032995510689228679
836 0.00474639564172846250 0.00032995510689228679
837 0.00441921865078181990 0.00032995510689228679
838 0.00409208355603002390 0.00032995510689228679
839 0.00376499031787164150 0.00032995510689228679
840 0.00343793889670546140 0.00032995510689228679
841 0.00311092925293021680 0.00032995510689228679
842 0.00278396134694458560 0.00032995510689228679
843 0.00245703513914724560 0.00032995510689228679
844 0.00213015058993693000 0.00032995510689228679
845 0.00180330765971231650 0.00032995510689228679
846 0.00147650630887208310 0.00032995510689228679
847 0.00114974649781501850 0.00032995510689228679
848 0.00082302818693974489 0.00032995510689228679
849 0.00049635133664499564 0.00032995510689228679
850 0.00016971590732955955 0.00032995510689228679
851 -0.00015687814060799665 0.00032995510689228679
852 -0.00048343084676893966 0.00032995510689228679
853 -0.00080994225075453619 0.00032995510689228679
854 -0.00113641239216610850 0.00032995510689228679
855 -0.00146284131060486770 0.00032995510689228679
856 -0.00178922904567219150 0.00032995510689228679
857 -0.00211557563696940230 0.00032995510689228679
858 -0.00244188112409776670 0.00032995510689228679
859 -0.00276814554665855140 0.00032995510689228679
860 -0.00309436894425307860 0.00032995510689228679
861 -0.00342055135648267060 0.00032995510689228679
862 -0.00374669282294853860 0.00032995510689228679
863 -0.00407279338325206020 0.00032995510689228679
864 -0.00439885307699444670 0.00032995510689228679
865 -0.00472487194377713140 0.00032995510689228679
866 -0.00505085002320132540 0.00032995510689228679
867 -0.00537678735486835090 0.00032995510689228679
868 -0.00570268397837947470 0.00032995510689228679
869 -0.00602853993333601900 0.00032995510689228679
870 -0.00635435525933919500 0.00032995510689228679
871 -0.00668012999599043590 0.00032995510689228679
872 -0.00700586418289100840 0.00032995510689228679
873 -0.00733155785964212380 0.00032995510689228679
874 -0.00765721106584515980 0.00032995510689228679
875 -0.00798282384110143850 0.00032995510689228679
876 -0.00830839622501211570 0.00032995510689228679
877 -0.00863392825717862470 0.00032995510689228679
878 -0.00895941997720223200 0.00032995510689228679
879 -0.00928487142468414910 0.00032995510689228679
880 -0.00961028263922580890 0.00032995510689228679
881 -0.00993565366042842290 0.00032995510689228679
882 -0.01026098452789331300 0.00032995510689228679
883 -0.01058627528122174600 0.00032995510689228679
884 -0.01091152596001510000 0.00032995510689228679
885 -0.01123673660387453100 0.00032995510689228679
886 -0.01156190725240147100 0.00032995510689228679
887 -0.01188703794519713200 0.00032995510689228679
888 -0.01221212872186283600 0.00032995510689228679
889 -0.01253717962199996100 0.00032995510689228679
890 -0.01286219068520971800 0.00032995510689228679
891 -0.01318716195109331800 0.00032995510689228679
892 -0.01351209345925230600 0.00032995510689228679
893 -0.01383698524928772500 0.00032995510689228679
894 -0.01416183736080095500 0.00032995510689228679
895 -0.01448664983339337200 0.00032995510689228679
896 -0.01481142270666624400 0.00032995510689228679
897 -0.01513615602022078100 0.00032995510689228679
898 -0.01546084981365836200 0.00032995510689228679
899 -0.01578550412658025200 0.00032995510689228679
900 -0.01611011899858771900 0.00032995510689228679
901 -0.01643469446928214100 0.00032995510689228679
902 -0.01675923057826478300 0.00032995510689228679
903 -0.01708372736513696900 0.00032995510689228679
904 -0.01740818486949985400 0.00032995510689228679
905 -0.01773260313095492700 0.00032995510689228679
906 -0.01805698218910334300 0.00032995510689228679
907 -0.01838132208354642500 0.00032995510689228679
908 -0.01870562285388555100 0.00032995510689228679
909 -0.01902988453972193100 0.00032995510689228679
910 -0.01935410718065688800 0.00032995510689228679
911 -0.01967829081629174400 0.00032995510689228679
912 -0.02000243548622776500 0.00032995510689228679
913 -0.02032654123006633100 0.00032995510689228679
914 -0.02065060808740859500 0.00032995510689228679
915 -0.02097463609785593700 0.00032995510689228679
916 -0.02129862530100962200 0.00032995510689228679
917 -0.02162257573647097300 0.00032995510689228679
918 -0.02194648744384131200 0.00032995510689228679
919 -0.02227036046272190500 0.00032995510689228679
920 -0.02259419483271402100 0.00032995510689228679
921 -0.02291799059341898000 0.00032995510689228679
922 -0.02324174778443810500 0.00032995510689228679
923 -0.02356546644537271800 0.00032995510689228679
924 -0.02388914661582397500 0.00032995510689228679
925 -0.02421278833539336500 0.00032995510689228679
926 -0.02453639164368204300 0.00032995510689228679
927 -0.02485995658029133100 0.00032995510689228679
928 -0.02518348318482255300 0.00032995510689228679
929 -0.02550697149687702900 0.00032995510689228679
930 -0.02583042155605597100 0.00032995510689228679
931 -0.02615383340196075800 0.00032995510689228679
932 -0.02647720707419265500 0.00032995510689228679
933 -0.02680054261235298400 0.00032995510689228679
934 -0.02712384005604301400 0.00032995510689228679
935 -0.02744709944486406500 0.00032995510689228679
936 -0.02777032081841734900 0.00032995510689228679
937 -0.02809350421630429900 0.00032995510689228679
938 -0.02841664967812612700 0.00032995510689228679
939 -0.02873975724348415400 0.00032995510689228679
940 -0.02906282695197964800 0.00032995510689228679
941 -0.02938585884321393000 0.00032995510689228679
942 -0.02970885295678826800 0.00032995510689228679
943 -0.03003180933230409400 0.00032995510689228679
944 -0.03035472800936250800 0.00032995510689228679
945 -0.03067760902756488900 0.00032995510689228679
946 -0.03100045242651255900 0.00032995510689228679
947 -0.03132325824580684000 0.00032995510689228679
948 -0.03164602652504888700 0.00032995510689228679
949 -0.03196875730384019000 0.00032995510689228679
950 -0.03229145062178190300 0.00032995510689228679
951 -0.03261410651847540500 0.00032995510689228679
952 -0.03293672503352196300 0.00032995510689228679
953 -0.03325930620652284300 0.00032995510689228679
954 -0.03358185007707931200 0.00032995510689228679
955 -0.03390435668479280200 0.00032995510689228679
956 -0.03422682606926452700 0.00032995510689228679
957 -0.03454925827009575100 0.00032995510689228679
958 -0.03487165332688785300 0.00032995510689228679
959 -0.03519401127924204300 0.00032995510689228679
960 -0.03551633216675970100 0.00032995510689228679
961 -0.03583861602904209200 0.00032995510689228679
962 -0.03616086290569042700 0.00032995510689228679
963 -0.03648307283630614100 0.00032995510689228679
964 -0.03680524586049044300 0.00032995510689228679
965 -0.03712738201784465700 0.00032995510689228679
966 -0.03744948134797010400 0.00032995510689228679
967 -0.03777154389046805100 0.00032995510689228679
968 -0.03809356968493982100 0.00032995510689228679
969 -0.03841555877098662400 0.00032995510689228679
970 -0.03873751118820983900 0.00032995510689228679
971 -0.03905942697621078700 0.00032995510689228679
972 -0.03938130617459068000 0.00032995510689228679
973 -0.03970314882295089600 0.00032995510689228679
974 -0.04002495496089270000 0.00032995510689228679
975 -0.04034672462801736100 0.00032995510689228679
976 -0.04066845786392620000 0.00032995510689228679
977 -0.04099015470822053900 0.00032995510689228679
978 -0.04131181520050158900 0.00032995510689228679
979 -0.04163343938037078500 0.00032995510689228679
980 -0.04195502728742922500 0.00032995510689228679
981 -0.04227657896127845500 0.00032995510689228679
982 -0.04259809444151962900 0.00032995510689228679
983 -0.04291957376775401600 0.00032995510689228679
984 -0.04324101697958293600 0.00032995510689228679
985 -0.04356242411660771200 0.00032995510689228679
986 -0.04388379521842966600 0.00032995510689228679
987 -0.04420513032465006600 0.00032995510689228679
988 -0.04452642947487017700 0.00032995510689228679
989 -0.04484769270869132200 0.00032995510689228679
990 -0.04516892006571482400 0.00032995510689228679
991 -0.04549011158554194800 0.00032995510689228679
992 -0.04581126730777401700 0.00032995510689228679
993 -0.04613238727201224300 0.00032995510689228679
994 -0.04645347151785811400 0.00032995510689228679
995 -0.04677452008491273000 0.00032995510689228679
996 -0.04709553301277746900 0.00032995510689228679
997 -0.04741651034105359700 0.00032995510689228679
998 -0.04773745210934238200 0.00032995510689228679
999 -0.04805835835724531200 0.00032995510689228679
1000 -0.04837922912436337700 0.00032995510689228679
1001 -0.04870006445029817500 0.00032995510689228679
1002 -0.04902086437465086300 0.00032995510689228679
1003 -0.04934162893702270800 0.00032995510689228679
1004 -0.04966235817701503100 0.00032995510689228679
1005 -0.04998305213422910000 0.00032995510689228679
1006 -0.05030371084826634800 0.00032995510689228679
1007 -0.05062433435872792900 0.00032995510689228679
1008 -0.05094492270521522300 0.00032995510689228679
1009 -0.05126547592732938500 0.00032995510689228679
1010 -0.05158599406467190300 0.00032995510689228679
1011 -0.05190647715684398900 0.00032995510689228679
1012 -0.05222692524344690900 0.00032995510689228679
1013 -0.05254733836408209700 0.00032995510689228679
1014 -0.05286771655835059700 0.00032995510689228679
1015 -0.05318805986585395400 0.00032995510689228679
1016 -0.05350836832619332300 0.00032995510689228679
1017 -0.05382864197897002700 0.00032995510689228679
1018 -0.05414888086378533100 0.00032995510689228679
1019 -0.05446908502024067100 0.00032995510689228679
1020 -0.05478925448793725600 0.00032995510689228679
1021 -0.05510938930647635300 0.00032995510689228679
1022 -0.05542948951545922900 0.00032995510689228679
1023 -0.05574955515448726300 0.00032995510689228679
1024 -0.05606958626316177500 0.00032995510689228679
1025 -0.05638958288108397700 0.00032995510689228679
1026 -0.05670954504785519200 0.00032995510689228679
1027 -0.05702947280307674200 0.00032995510689228679
1028 -0.05734936618634983700 0.00032995510689228679
1029 -0.05766922523727596700 0.00032995510689228679
1030 -0.05798904999545623200 0.00032995510689228679
1031 -0.05830884050049201000 0.00032995510689228679
1032 -0.05862859679198456600 0.00032995510689228679
1033 -0.05894831890953522400 0.00032995510689228679
1034 -0.05926800689274536200 0.00032995510689228679
1035 -0.05958766078121613400 0.00032995510689228679
1036 -0.05990728061454891900 0.00032995510689228679
1037 -0.06022686643234492800 0.00032995510689228679
1038 -0.06054641827420553800 0.00032995510689228679
1039 -0.06086593617973207200 0.00032995510689228679
1040 -0.06118542018852579600 0.00032995510689228679
1041 -0.06150487034018797800 0.00032995510689228679
1042 -0.06182428667431988400 0.00032995510689228679
1043 -0.06214366923052283600 0.00032995510689228679
1044 -0.06246301804839826700 0.00032995510689228679
1045 -0.06278233316754722200 0.00032995510689228679
1046 -0.06310161462757130100 0.00032995510689228679
1047 -0.06342086246807154800 0.00032995510689228679
1048 -0.06374007672864928600 0.00032995510689228679
1049 -0.06405925744890600400 0.00032995510689228679
1050 -0.06437840466844274600 0.00032995510689228679
1051 -0.06469751842686100000 0.00032995510689228679
1052 -0.06501659876376197900 0.00032995510689228679
1053 -0.06533564571874700400 0.00032995510689228679
1054 -0.06565465933141734200 0.00032995510689228679
1055 -0.06597363964137437100 0.00032995510689228679
1056 -0.06629258668821924600 0.00032995510689228679
1057 -0.06661150051155340100 0.00032995510689228679
1058 -0.06693038115097799100 0.00032995510689228679
1059 -0.06724922864609450500 0.00032995510689228679
1060 -0.06756804303650410000 0.00032995510689228679
1061 -0.06788682436180809600 0.00032995510689228679
1062 -0.06820557266160781600 0.00032995510689228679
1063 -0.06852428797550447200 0.00032995510689228679
1064 -0.06884297034309955200 0.00032995510689228679
1065 -0.06916161980399415700 0.00032995510689228679
1066 -0.06948023639778966300 0.00032995510689228679
1067 -0.06979882016408739400 0.00032995510689228679
1068 -0.07011737114248856000 0.00032995510689228679
1069 -0.07043588937259454000 0.00032995510689228679
1070 -0.07075437489400665500 0.00032995510689228679
1071 -0.07107282774632611700 0.00032995510689228679
1072 -0.07139124796915419200 0.00032995510689228679
1073 -0.07170963560209231400 0.00032995510689228679
1074 -0.07202799068474169400 0.00032995510689228679
1075 -0.07234631325670365400 0.00032995510689228679
1076 -0.07266460335757946000 0.00032995510689228679
1077 -0.07298286102697038000 0.00032995510689228679
1078 -0.07330108630447779200 0.00032995510689228679
1079 -0.07361927922970301600 0.00032995510689228679
1080 -0.07393743984224726600 0.00032995510689228679
1081 -0.07425556818171186200 0.00032995510689228679
1082 -0.07457366428769807200 0.00032995510689228679
1083 -0.07489172819980727300 0.00032995510689228679
1084 -0.07520975995764067600 0.00032995510689228679
1085 -0.07552775960079966000 0.00032995510689228679
1086 -0.07584572716888543500 0.00032995510689228679
1087 -0.07616366270149932400 0.00032995510689228679
1088 -0.07648156623824276000 0.00032995510689228679
1089 -0.07679943781871678700 0.00032995510689228679
1090 -0.07711727748252289500 0.00032995510689228679
1091 -0.07743508526926229400 0.00032995510689228679
1092 -0.07775286121853630700 0.00032995510689228679
1093 -0.07807060536994631100 0.00032995510689228679
1094 -0.07838831776309340700 0.00032995510689228679
1095 -0.07870599843757908300 0.00032995510689228679
1096 -0.07902364743300455100 0.00032995510689228679
1097 -0.07934126478897107800 0.00032995510689228679
1098 -0.07965885054508009500 0.00032995510689228679
1099 -0.07997640474093276100 0.00032995510689228679
1100 -0.08029392741613034000 0.00032995510689228679
1101 -0.08061141861027432100 0.00032995510689228679
1102 -0.08092887836296586100 0.00032995510689228679
1103 -0.08124630671380622700 0.00032995510689228679
1104 -0.08156370370239679500 0.00032995510689228679
1105 -0.08188106936833888800 0.00032995510689228679
1106 -0.08219840375123366200 0.00032995510689228679
1107 -0.08251570689068255000 0.00032995510689228679
1108 -0.08283297882628681800 0.00032995510689228679
1109 -0.08315021959764773400 0.00032995510689228679
1110 -0.08346742924436662000 0.00032995510689228679
1111 -0.08378460780604474200 0.00032995510689228679
1112 -0.08410175532228342200 0.00032995510689228679
1113 -0.08441887183268398400 0.00032995510689228679
1114 -0.08473595737684763700 0.00032995510689228679
1115 -0.08505301199437581600 0.00032995510689228679
1116 -0.08537003572486967500 0.00032995510689228679
1117 -0.08568702860793053800 0.00032995510689228679
1118 -0.08600399068315983700 0.00032995510689228679
1119 -0.08632092199015867200 0.00032995510689228679
1120 -0.08663782256852847800 0.00032995510689228679
1121 -0.08695469245787051900 0.00032995510689228679
1122 -0.08727153169778606400 0.00032995510689228679
1123 -0.08758834032787643500 0.00032995510689228679
1124 -0.08790511838774295300 0.00032995510689228679
1125 -0.08822186591698683000 0.00032995510689228679
1126 -0.08853858295520944400 0.00032995510689228679
1127 -0.08885526954201206100 0.00032995510689228679
1128 -0.08917192571699600300 0.00032995510689228679
1129 -0.08948855151976248300 0.00032995510689228679
1130 -0.08980514698991287600 0.00032995510689228679
1131 -0.09012171216704850700 0.00032995510689228679
1132 -0.09043824709077058500 0.00032995510689228679
1133 -0.09075475180068048900 0.00032995510689228679
1134 -0.09107122633637942900 0.00032995510689228679
1135 -0.09138767073746878500 0.00032995510689228679
1136 -0.09170408504354982100 0.00032995510689228679
1137 -0.09202046929422386100 0.00032995510689228679
1138 -0.09233682352909211600 0.00032995510689228679
1139 -0.09265314778775596300 0.00032995510689228679
1140 -0.09296944210981672500 0.00032995510689228679
1141 -0.09328570653487555700 0.00032995510689228679
1142 -0.09360194110253389200 0.00032995510689228679
1143 -0.09391814585239294200 0.00032995510689228679
1144 -0.09423432082405414100 0.00032995510689228679
1145 -0.09455046605711864300 0.00032995510689228679
1146 -0.09486658159118777100 0.00032995510689228679
1147 -0.09518266746586284700 0.00032995510689228679
1148 -0.09549872372074519300 0.00032995510689228679
1149 -0.09581475039543607700 0.00032995510689228679
1150 -0.09613074752953676400 0.00032995510689228679
1151 -0.09644671516264863300 0.00032995510689228679
1152 -0.09676265333437289500 0.00032995510689228679
1153 -0.09707856208431081500 0.00032995510689228679
1154 -0.09739444145206388500 0.00032995510689228679
1155 -0.09771029147723320200 0.00032995510689228679
1156 -0.09802611219942014600 0.00032995510689228679
1157 -0.09834190365822598200 0.00032995510689228679
1158 -0.09865766589325208900 0.00032995510689228679
1159 -0.09897339894409962200 0.00032995510689228679
1160 -0.09928910285037001500 0.00032995510689228679
1161 -0.09960477765166447800 0.00032995510689228679
1162 -0.09992042338758433400 0.00032995510689228679
1163 -0.10023604009773096000 0.00032995510689228679
1164 -0.10055162782170551000 0.00032995510689228679
1165 -0.10086718659910937000 0.00032995510689228679
1166 -0.10118271646954380000 0.00032995510689228679
1167 -0.10149821747261012000 0.00032995510689228679
1168 -0.10181368964790960000 0.00032995510689228679
1169 -0.10212913303504356000 0.00032995510689228679
1170 -0.10244454767361333000 0.00032995510689228679
1171 -0.10275993360322011000 0.00032995510689228679
1172 -0.10307529086346529000 0.00032995510689228679
1173 -0.10339061949395018000 0.00032995510689228679
1174 -0.10370591953427599000 0.00032995510689228679
1175 -0.10402119102404406000 0.00032995510689228679
1176 -0.10433643400285564000 0.00032995510689228679
1177 -0.10465164851031211000 0.00032995510689228679
1178 -0.10496683458601469000 0.00032995510689228679
1179 -0.10528199226956475000 0.00032995510689228679
1180 -0.10559712160056356000 0.00032995510689228679
1181 -0.10591222261861238000 0.00032995510689228679
1182 -0.10622729536331255000 0.00032995510689228679
1183 -0.10654233987426537000 0.00032995510689228679
1184 -0.10685735619107212000 0.00032995510689228679
1185 -0.10717234435333411000 0.00032995510689228679
1186 -0.10748730440065257000 0.00032995510689228679
1187 -0.10780223637262887000 0.00032995510689228679
1188 -0.10811714030886421000 0.00032995510689228679
1189 -0.10843201624896009000 0.00032995510689228679
1190 -0.10874686423251761000 0.00032995510689228679
1191 -0.10906168429913815000 0.00032995510689228679
1192 -0.10937647648842297000 0.00032995510689228679
1193 -0.10969124083997345000 0.00032995510689228679
1194 -0.11000597739339085000 0.00032995510689228679
1195 -0.11032068618827640000 0.00032995510689228679
1196 -0.11063536726423140000 0.00032995510689228679
1197 -0.11095002066085724000 0.00032995510689228679
1198 -0.11126464641775519000 0.00032995510689228679
1199 -0.11157924457452639000 0.00032995510689228679
1200 -0.11189381517077240000 0.00032995510689228679
1201 -0.11220835824609432000 0.00032995510689228679
1202 -0.11252287384009357000 0.00032995510689228679
1203 -0.11283736199237132000 0.00032995510689228679
1204 -0.11315182274252900000 0.00032995510689228679
1205 -0.11346625613016781000 0.00032995510689228679
1206 -0.11378066219488908000 0.00032995510689228679
1207 -0.11409504097629414000 0.00032995510689228679
1208 -0.11440939251398424000 0.00032995510689228679
1209 -0.11472371684756072000 0.00032995510689228679
1210 -0.11503801401662472000 0.00032995510689228679
1211 -0.11535228406077780000 0.00032995510689228679
1212 -0.11566652701962105000 0.00032995510689228679
1213 -0.11598074293275584000 0.00032995510689228679
1214 -0.11629493183978351000 0.00032995510689228679
1215 -0.11660909378030532000 0.00032995510689228679
1216 -0.11692322879392247000 0.00032995510689228679
1217 -0.11723733692023641000 0.00032995510689228679
1218 -0.11755141819884840000 0.00032995510689228679
1219 -0.11786547266935971000 0.00032995510689228679
1220 -0.11817950037137159000 0.00032995510689228679
1221 -0.11849350134448539000 0.00032995510689228679
1222 -0.11880747562830241000 0.00032995510689228679
1223 -0.11912142326242398000 0.00032995510689228679
1224 -0.11943534428645125000 0.00032995510689228679
1225 -0.11974923873998566000 0.00032995510689228679
1226 -0.12006310666262848000 0.00032995510689228679
1227 -0.12037694809398108000 0.00032995510689228679
1228 -0.12069076307364462000 0.00032995510689228679
1229 -0.12100455164122037000 0.00032995510689228679
1230 -0.12131831383630975000 0.00032995510689228679
1231 -0.12163204969851404000 0.00032995510689228679
1232 -0.12194575926743451000 0.00032995510689228679
1233 -0.12225944258267241000 0.00032995510689228679
1234 -0.12257309968382912000 0.00032995510689228679
1235 -0.12288673061050592000 0.00032995510689228679
1236 -0.12320033540230402000 0.00032995510689228679
1237 -0.12351391409882484000 0.00032995510689228679
1238 -0.12382746673966960000 0.00032995510689228679
1239 -0.12414099336443957000 0.00032995510689228679
1240 -0.12445449401273623000 0.00032995510689228679
1241 -0.12476796872416063000 0.00032995510689228679
1242 -0.12508141753831420000 0.00032995510689228679
1243 -0.12539484049479827000 0.00032995510689228679
1244 -0.12570823763321393000 0.00032995510689228679
1245 -0.12602160899316273000 0.00032995510689228679
1246 -0.12633495461424593000 0.00032995510689228679
1247 -0.12664827453606470000 0.00032995510689228679
1248 -0.12696156879822035000 0.00032995510689228679
1249 -0.12727483744031431000 0.00032995510689228679
1250 -0.12758808050194775000 0.00032995510689228679
1251 -0.12790129802272199000 0.00032995510689228679
1252 -0.12821449004223839000 0.00032995510689228679
1253 -0.12852765660009818000 0.00032995510689228679
1254 -0.12884079773590268000 0.00032995510689228679
1255 -0.12915391348925320000 0.00032995510689228679
1256 -0.12946700389975102000 0.00032995510689228679
1257 -0.12978006900699746000 0.00032995510689228679
1258 -0.13009310885059377000 0.00032995510689228679
1259 -0.13040612347014130000 0.00032995510689228679
1260 -0.13071911290524130000 0.00032995510689228679
1261 -0.13103207719549509000 0.00032995510689228679
1262 -0.13134501638050394000 0.00032995510689228679
1263 -0.13165793049986924000 0.00032995510689228679
1264 -0.13197081959319212000 0.00032995510689228679
1265 -0.13228368370007410000 0.00032995510689228679
1266 -0.13259652286011631000 0.00032995510689228679
1267 -0.13290933711292008000 0.00032995510689228679
1268 -0.13322212649808673000 0.00032995510689228679
1269 -0.13353489105521749000 0.00032995510689228679
1270 -0.13384763082391371000 0.00032995510689228679
1271 -0.13416034584377673000 0.00032995510689228679
1272 -0.13447303615440781000 0.00032995510689228679
1273 -0.13478570179540827000 0.00032995510689228679
1274 -0.13509834280637928000 0.00032995510689228679
1275 -0.13541095922692231000 0.00032995510689228679
1276 -0.13572355109663858000 0.00032995510689228679
1277 -0.13603611845512942000 0.00032995510689228679
1278 -0.13634866134199597000 0.00032995510689228679
1279 -0.13666117979683978000 0.00032995510689228679
1280 -0.13697367385926196000 0.00032995510689228679
1281 -0.13728614356886387000 0.00032995510689228679
1282 -0.13759858896524685000 0.00032995510689228679
1283 -0.13791101008801210000 0.00032995510689228679
1284 -0.13822340697676100000 0.00032995510689228679
1285 -0.13853577967109476000 0.00032995510689228679
1286 -0.13884812821061476000 0.00032995510689228679
1287 -0.13916045263492233000 0.00032995510689228679
1288 -0.13947275298361861000 0.00032995510689228679
1289 -0.13978502929630504000 0.00032995510689228679
1290 -0.14009728161258284000 0.00032995510689228679
1291 -0.14040950997205337000 0.00032995510689228679
1292 -0.14072171441431791000 0.00032995510689228679
1293 -0.14103389497897767000 0.00032995510689228679
1294 -0.14134605170563408000 0.00032995510689228679
1295 -0.14165818463388835000 0.00032995510689228679
1296 -0.14197029380334175000 0.00032995510689228679
1297 -0.14228237925359571000 0.00032995510689228679
1298 -0.14259444102425139000 0.00032995510689228679
1299 -0.14290647915491017000 0.00032995510689228679
1300 -0.14321849368517331000 0.00032995510689228679
1301 -0.14353048465464208000 0.00032995510689228679
1302 -0.14384245210291779000 0.00032995510689228679
1303 -0.14415439606960184000 0.00032995510689228679
1304 -0.14446631659429543000 0.00032995510689228679
1305 -0.14477821371659988000 0.00032995510689228679
1306 -0.14509008747611640000 0.00032995510689228679
1307 -0.14540193791244638000 0.00032995510689228679
1308 -0.14571376506519118000 0.00032995510689228679
1309 -0.14602556897395202000 0.00032995510689228679
1310 -0.14633734967833012000 0.00032995510689228679
1311 -0.14664910721792690000 0.00032995510689228679
1312 -0.14696084163234363000 0.00032995510689228679
1313 -0.14727255296118152000 0.00032995510689228679
1314 -0.14758424124404196000 0.00032995510689228679
1315 -0.14789590652052625000 0.00032995510689228679
1316 -0.14820754883023562000 0.00032995510689228679
1317 -0.14851916821277145000 0.00032995510689228679
1318 -0.14883076470773493000 0.00032995510689228679
1319 -0.14914233835472746000 0.00032995510689228679
1320 -0.14945388919335029000 0.00032995510689228679
1321 -0.14976541726320469000 0.00032995510689228679
1322 -0.15007692260389210000 0.00032995510689228679
1323 -0.15038840525501357000 0.00032995510689228679
1324 -0.15069986525617057000 0.00032995510689228679
1325 -0.15101130264696438000 0.00032995510689228679
1326 -0.15132271746699627000 0.00032995510689228679
1327 -0.15163410975586761000 0.00032995510689228679
1328 -0.15194547955317950000 0.00032995510689228679
1329 -0.15225682689853343000 0.00032995510689228679
1330 -0.15256815183153066000 0.00032995510689228679
1331 -0.15287945439177242000 0.00032995510689228679
1332 -0.15319073461886007000 0.00032995510689228679
1333 -0.15350199255239483000 0.00032995510689228679
1334 -0.15381322823197813000 0.00032995510689228679
1335 -0.15412444169721118000 0.00032995510689228679
1336 -0.15443563298769525000 0.00032995510689228679
1337 -0.15474680214303171000 0.00032995510689228679
1338 -0.15505794920282173000 0.00032995510689228679
1339 -0.15536907420666679000 0.00032995510689228679
1340 -0.15568017719416805000 0.00032995510689228679
1341 -0.15599125820492693000 0.00032995510689228679
1342 -0.15630231727854454000 0.00032995510689228679
1343 -0.15661335445462227000 0.00032995510689228679
1344 -0.15692436977276153000 0.00032995510689228679
1345 -0.15723536327256343000 0.00032995510689228679
1346 -0.15754633499362947000 0.00032995510689228679
1347 -0.15785728497556073000 0.00032995510689228679
1348 -0.15816821325795866000 0.00032995510689228679
1349 -0.15847911988042446000 0.00032995510689228679
1350 -0.15879000488255951000 0.00032995510689228679
1351 -0.15910086830396503000 0.00032995510689228679
1352 -0.15941171018424233000 0.00032995510689228679
1353 -0.15972253056299279000 0.00032995510689228679
1354 -0.16003332947981769000 0.00032995510689228679
1355 -0.16034410697431822000 0.00032995510689228679
1356 -0.16065486308609572000 0.00032995510689228679
1357 -0.16096559785475151000 0.00032995510689228679
1358 -0.16127631131988696000 0.00032995510689228679
1359 -0.16158700352110328000 0.00032995510689228679
1360 -0.16189767449800174000 0.00032995510689228679
1361 -0.16220832429018367000 0.00032995510689228679
1362 -0.16251895293725044000 0.00032995510689228679
1363 -0.16282956047880315000 0.00032995510689228679
1364 -0.16314014695444334000 0.00032995510689228679
1365 -0.16345071240377218000 0.00032995510689228679
1366 -0.16376125686639093000 0.00032995510689228679
1367 -0.16407178038190101000 0.00032995510689228679
1368 -0.16438228298990359000 0.00032995510689228679
1369 -0.16469276473000005000 0.00032995510689228679
1370 -0.16500322564179165000 0.00032995510689228679
1371 -0.16531366576487977000 0.00032995510689228679
1372 -0.16562408513886551000 0.00032995510689228679
1373 -0.16593448380335041000 0.00032995510689228679
1374 -0.16624486179793557000 0.00032995510689228679
1375 -0.16655521916222238000 0.00032995510689228679
1376 -0.16686555593581209000 0.00032995510689228679
1377 -0.16717587215830604000 0.00032995510689228679
1378 -0.16748616786930554000 0.00032995510689228679
1379 -0.16779644310841185000 0.00032995510689228679
1380 -0.16810669791522626000 0.00032995510689228679
1381 -0.16841693232935012000 0.00032995510689228679
1382 -0.16872714639038472000 0.00032995510689228679
1383 -0.16903734013793120000 0.00032995510689228679
1384 -0.16934751361159112000 0.00032995510689228679
1385 -0.16965766685096556000 0.00032995510689228679
1386 -0.16996779989565591000 0.00032995510689228679
1387 -0.17027791278526350000 0.00032995510689228679
1388 -0.17058800555938958000 0.00032995510689228679
1389 -0.17089807825763537000 0.00032995510689228679
1390 -0.17120813091960241000 0.00032995510689228679
1391 -0.17151816358489169000 0.00032995510689228679
1392 -0.17182817629310465000 0.00032995510689228679
1393 -0.17213816908384266000 0.00032995510689228679
1394 -0.17244814199670694000 0.00032995510689228679
1395 -0.17275809507129875000 0.00032995510689228679
1396 -0.17306802834721940000 0.00032995510689228679
1397 -0.17337794186407030000 0.00032995510689228679
1398 -0.17368783566145257000 0.00032995510689228679
1399 -0.17399770977896767000 0.00032995510689228679
1400 -0.17430756425621680000 0.00032995510689228679
1401 -0.17461739913280128000 0.00032995510689228679
1402 -0.17492721444832243000 0.00032995510689228679
1403 -0.17523701024238153000 0.00032995510689228679
1404 -0.17554678655457989000 0.00032995510689228679
1405 -0.17585654342451873000 0.00032995510689228679
1406 -0.17616628089179942000 0.00032995510689228679
1407 -0.17647599899602323000 0.00032995510689228679
1408 -0.17678569777679154000 0.00032995510689228679
1409 -0.17709537727370556000 0.00032995510689228679
1410 -0.17740503752636655000 0.00032995510689228679
1411 -0.17771467857437584000 0.00032995510689228679
1412 -0.17802430045733486000 0.00032995510689228679
1413 -0.17833390321484477000 0.00032995510689228679
1414 -0.17864348688650677000 0.00032995510689228679
1415 -0.17895305151192237000 0.00032995510689228679
1416 -0.17926259713069281000 0.00032995510689228679
1417 -0.17957212378241932000 0.00032995510689228679
1418 -0.17988163150670322000 0.00032995510689228679
1419 -0.18019112034314583000 0.00032995510689228679
1420 -0.18050059033134841000 0.00032995510689228679
1421 -0.18081004151091229000 0.00032995510689228679
1422 -0.18111947392143879000 0.00032995510689228679
1423 -0.18142888760252912000 0.00032995510689228679
1424 -0.18173828259378466000 0.00032995510689228679
1425 -0.18204765893480668000 0.00032995510689228679
1426 -0.18235701666519649000 0.00032995510689228679
1427 -0.18266635582455532000 0.00032995510689228679
1428 -0.18297567645248458000 0.00032995510689228679
1429 -0.18328497858858550000 0.00032995510689228679
1430 -0.18359426227245934000 0.00032995510689228679
1431 -0.18390352754370742000 0.00032995510689228679
1432 -0.18421277444193113000 0.00032995510689228679
1433 -0.18452200300673161000 0.00032995510689228679
1434 -0.18483121327771029000 0.00032995510689228679
1435 -0.18514040529446840000 0.00032995510689228679
1436 -0.18544957909660736000 0.00032995510689228679
1437 -0.18575873472372822000 0.00032995510689228679
1438 -0.18606787221543247000 0.00032995510689228679
1439 -0.18637699161132137000 0.00032995510689228679
1440 -0.18668609295099614000 0.00032995510689228679
1441 -0.18699517627405821000 0.00032995510689228679
1442 -0.18730424162010878000 0.00032995510689228679
1443 -0.18761328902874913000 0.00032995510689228679
1444 -0.18792231853958064000 0.00032995510689228679
1445 -0.18823133019220450000 0.00032995510689228679
1446 -0.18854032402622223000 0.00032995510689228679
1447 -0.18884930008123479000 0.00032995510689228679
1448 -0.18915825839684380000 0.00032995510689228679
1449 -0.18946719901265036000 0.00032995510689228679
1450 -0.18977612196825577000 0.00032995510689228679
1451 -0.19008502730326138000 0.00032995510689228679
1452 -0.19039391505726860000 0.00032995510689228679
1453 -0.19070278526987855000 0.00032995510689228679
1454 -0.19101163798069248000 0.00032995510689228679
1455 -0.19132047322931189000 0.00032995510689228679
1456 -0.19162929105533799000 0.00032995510689228679
1457 -0.19193809149837204000 0.00032995510689228679
1458 -0.19224687459801537000 0.00032995510689228679
1459 -0.19255564039386930000 0.00032995510689228679
1460 -0.19286438892553509000 0.00032995510689228679
1461 -0.19317312023261402000 0.00032995510689228679
1462 -0.19348183435470745000 0.00032995510689228679
1463 -0.19379053133141660000 0.00032995510689228679
1464 -0.19409921120234286000 0.00032995510689228679
1465 -0.19440787400708742000 0.00032995510689228679
1466 -0.19471651978525162000 0.00032995510689228679
1467 -0.19502514857643677000 0.00032995510689228679
1468 -0.19533376042024420000 0.00032995510689228679
1469 -0.19564235535627517000 0.00032995510689228679
1470 -0.19595093342413095000 0.00032995510689228679
1471 -0.19625949466341291000 0.00032995510689228679
1472 -0.19656803911372223000 0.00032995510689228679
1473 -0.19687656681466031000 0.00032995510689228679
1474 -0.19718507780582845000 0.00032995510689228679
1475 -0.19749357212682789000 0.00032995510689228679
1476 -0.19780204981725991000 0.00032995510689228679
1477 -0.19811051091672593000 0.00032995510689228679
1478 -0.19841895546482713000 0.00032995510689228679
1479 -0.19872738350116476000 0.00032995510689228679
1480 -0.19903579506534030000 0.00032995510689228679
1481 -0.19934419019695487000 0.00032995510689228679
1482 -0.19965256893560984000 0.00032995510689228679
1483 -0.19996093132090659000 0.00032995510689228679
1484 -0.20026927739244627000 0.00032995510689228679
1485 -0.20057760718983025000 0.00032995510689228679
1486 -0.20088592075265987000 0.00032995510689228679
1487 -0.20119421812053628000 0.00032995510689228679
1488 -0.20150249933306091000 0.00032995510689228679
1489 -0.20181076442983503000 0.00032995510689228679
1490 -0.20211901345045996000 0.00032995510689228679
1491 -0.20242724643453686000 0.00032995510689228679
1492 -0.20273546342166726000 0.00032995510689228679
1493 -0.20304366445145228000 0.00032995510689228679
1494 -0.20335184956349328000 0.00032995510689228679
1495 -0.20366001879739148000 0.00032995510689228679
1496 -0.20396817219274821000 0.00032995510689228679
1497 -0.20427630978916489000 0.00032995510689228679
1498 -0.20458443162624262000 0.00032995510689228679
1499 -0.20489253774358285000 0.00032995510689228679
1500 -0.20520062818078677000 0.00032995510689228679
1501 -0.20550870297745583000 0.00032995510689228679
1502 -0.20581676217319111000 0.00032995510689228679
1503 -0.20612480580759418000 0.00032995510689228679
1504 -0.20643283392026612000 0.00032995510689228679
1505 -0.20674084655080827000 0.00032995510689228679
1506 -0.20704884373882193000 0.00032995510689228679
1507 -0.20735682552390844000 0.00032995510689228679
1508 -0.20766479194566900000 0.00032995510689228679
1509 -0.20797274304370506000 0.00032995510689228679
1510 -0.20828067885761781000 0.00032995510689228679
1511 -0.20858859942700847000 0.00032995510689228679
1512 -0.20889650479147859000 0.00032995510689228679
1513 -0.20920439499062926000 0.00032995510689228679
1514 -0.20951227006406181000 0.00032995510689228679
1515 -0.20982013005137756000 0.00032995510689228679
1516 -0.21012797499217784000 0.00032995510689228679
1517 -0.21043580492606395000 0.00032995510689228679
1518 -0.21074361989263712000 0.00032995510689228679
1519 -0.21105141993149856000 0.00032995510689228679
1520 -0.21135920508224981000 0.00032995510689228679
1521 -0.21166697538449197000 0.00032995510689228679
1522 -0.21197473087782648000 0.00032995510689228679
1523 -0.21228247160185443000 0.00032995510689228679
1524 -0.21259019759617725000 0.00032995510689228679
1525 -0.21289790890039639000 0.00032995510689228679
1526 -0.21320560555411294000 0.00032995510689228679
1527 -0.21351328759692811000 0.00032995510689228679
1528 -0.21382095506844356000 0.00032995510689228679
1529 -0.21412860800826028000 0.00032995510689228679
1530 -0.21443624645597958000 0.00032995510689228679
1531 -0.21474387045120291000 0.00032995510689228679
1532 -0.21505148003353136000 0.00032995510689228679
1533 -0.21535907524256648000 0.00032995510689228679
1534 -0.21566665611790947000 0.00032995510689228679
1535 -0.21597422269916144000 0.00032995510689228679
1536 -0.21628177502592405000 0.00032995510689228679
1537 -0.21658931313779817000 0.00032995510689228679
1538 -0.21689683707438545000 0.00032995510689228679
1539 -0.21720434687528700000 0.00032995510689228679
1540 -0.21751184258010414000 0.00032995510689228679
1541 -0.21781932422843830000 0.00032995510689228679
1542 -0.21812679185989059000 0.00032995510689228679
1543 -0.21843424551406243000 0.00032995510689228679
1544 -0.21874168523055504000 0.00032995510689228679
1545 -0.21904911104896974000 0.00032995510689228679
1546 -0.21935652300890784000 0.00032995510689228679
1547 -0.21966392114997080000 0.00032995510689228679
1548 -0.21997130551175959000 0.00032995510689228679
1549 -0.22027867613387575000 0.00032995510689228679
1550 -0.22058603305592039000 0.00032995510689228679
1551 -0.22089337631749506000 0.00032995510689228679
1552 -0.22120070595820074000 0.00032995510689228679
1553 -0.22150802201763908000 0.00032995510689228679
1554 -0.22181532453541108000 0.00032995510689228679
1555 -0.22212261355111818000 0.00032995510689228679
1556 -0.22242988910436157000 0.00032995510689228679
1557 -0.22273715123474280000 0.00032995510689228679
1558 -0.22304439998186287000 0.00032995510689228679
1559 -0.22335163538532321000 0.00032995510689228679
1560 -0.22365885748472514000 0.00032995510689228679
1561 -0.22396606631966987000 0.00032995510689228679
1562 -0.22427326192975883000 0.00032995510689228679
1563 -0.22458044435459323000 0.00032995510689228679
1564 -0.22488761363377441000 0.00032995510689228679
1565 -0.22519476980690356000 0.00032995510689228679
1566 -0.22550191291358201000 0.00032995510689228679
1567 -0.22580904299341109000 0.00032995510689228679
1568 -0.22611616008599222000 0.00032995510689228679
1569 -0.22642326423092651000 0.00032995510689228679
1570 -0.22673035546781528000 0.00032995510689228679
1571 -0.22703743383625996000 0.00032995510689228679
1572 -0.22734449937586176000 0.00032995510689228679
1573 -0.22765155212622190000 0.00032995510689228679
1574 -0.22795859212694181000 0.00032995510689228679
1575 -0.22826561941762269000 0.00032995510689228679
1576 -0.22857263403786598000 0.00032995510689228679
1577 -0.22887963602727268000 0.00032995510689228679
1578 -0.22918662542544443000 0.00032995510689228679
1579 -0.22949360227198234000 0.00032995510689228679
1580 -0.22980056660648773000 0.00032995510689228679
1581 -0.23010751846856192000 0.00032995510689228679
1582 -0.23041445789780624000 0.00032995510689228679
1583 -0.23072138493382188000 0.00032995510689228679
1584 -0.23102829961621030000 0.00032995510689228679
1585 -0.23133520198457258000 0.00032995510689228679
1586 -0.23164209207851028000 0.00032995510689228679
1587 -0.23194896993762437000 0.00032995510689228679
1588 -0.23225583560151652000 0.00032995510689228679
1589 -0.23256268910978772000 0.00032995510689228679
1590 -0.23286953050203940000 0.00032995510689228679
1591 -0.23317635981787288000 0.00032995510689228679
1592 -0.23348317709688926000 0.00032995510689228679
1593 -0.23378998237869020000 0.00032995510689228679
1594 -0.23409677570287668000 0.00032995510689228679
1595 -0.23440355710905025000 0.00032995510689228679
1596 -0.23471032663681191000 0.00032995510689228679
1597 -0.23501708432576307000 0.00032995510689228679
1598 -0.23532383021550518000 0.00032995510689228679
1599 -0.23563056434563934000 0.00032995510689228679
1600 -0.23593728675576708000 0.00032995510689228679
1601 -0.23624399748548941000 0.00032995510689228679
1602 -0.23655069657440786000 0.00032995510689228679
1603 -0.23685738406212353000 0.00032995510689228679
1604 -0.23716405998823786000 0.00032995510689228679
1605 -0.23747072439235217000 0.00032995510689228679
1606 -0.23777737731406767000 0.00032995510689228679
1607 -0.23808401879298569000 0.00032995510689228679
1608 -0.23839064886870753000 0.00032995510689228679
1609 -0.23869726758083443000 0.00032995510689228679
1610 -0.23900387496896769000 0.00032995510689228679
1611 -0.23931047107270864000 0.00032995510689228679
1612 -0.23961705593165872000 0.00032995510689228679
1613 -0.23992362958541902000 0.00032995510689228679
1614 -0.24023019207359086000 0.00032995510689228679
1615 -0.24053674343577558000 0.00032995510689228679
1616 -0.24084328371157449000 0.00032995510689228679
1617 -0.24114981294058901000 0.00032995510689228679
1618 -0.24145633116242016000 0.00032995510689228679
1619 -0.24176283841666946000 0.00032995510689228679
1620 -0.24206933474293812000 0.00032995510689228679
1621 -0.24237582018082748000 0.00032995510689228679
1622 -0.24268229476993863000 0.00032995510689228679
1623 -0.24298875854987323000 0.00032995510689228679
1624 -0.24329521156023226000 0.00032995510689228679
1625 -0.24360165384061738000 0.00032995510689228679
1626 -0.24390808543062936000 0.00032995510689228679
1627 -0.24421450636986997000 0.00032995510689228679
1628 -0.24452091669794029000 0.00032995510689228679
1629 -0.24482731645444167000 0.00032995510689228679
1630 -0.24513370567897530000 0.00032995510689228679
1631 -0.24544008441114251000 0.00032995510689228679
1632 -0.24574645269054485000 0.00032995510689228679
1633 -0.24605281055678330000 0.00032995510689228679
1634 -0.24635915804945929000 0.00032995510689228679
1635 -0.24666549520817416000 0.00032995510689228679
1636 -0.24697182207252910000 0.00032995510689228679
1637 -0.24727813868212545000 0.00032995510689228679
1638 -0.24758444507656452000 0.00032995510689228679
1639 -0.24789074129544764000 0.00032995510689228679
1640 -0.24819702737837601000 0.00032995510689228679
1641 -0.24850330336495097000 0.00032995510689228679
1642 -0.24880956929477394000 0.00032995510689228679
1643 -0.24911582520744602000 0.00032995510689228679
1644 -0.24942207114256854000 0.00032995510689228679
1645 -0.24972830713974303000 0.00032995510689228679
1646 -0.25003453323857050000 0.00032995510689228679
1647 -0.25034074947865237000 0.00032995510689228679
1648 -0.25064695589958985000 0.00032995510689228679
1649 -0.25095315254098438000 0.00032995510689228679
1650 -0.25125933944243717000 0.00032995510689228679
1651 -0.25156551664354954000 0.00032995510689228679
1652 -0.25187168418392281000 0.00032995510689228679
1653 -0.25217784210315830000 0.00032995510689228679
1654 -0.25248399044085712000 0.00032995510689228679
1655 -0.25279012923662070000 0.00032995510689228679
1656 -0.25309625853005047000 0.00032995510689228679
1657 -0.25340237836074753000 0.00032995510689228679
1658 -0.25370848876831320000 0.00032995510689228679
1659 -0.25401458979234892000 0.00032995510689228679
1660 -0.25432068147245579000 0.00032995510689228679
1661 -0.25462676384823524000 0.00032995510689228679
1662 -0.25493283695928848000 0.00032995510689228679
1663 -0.25523890084521694000 0.00032995510689228679
1664 -0.25554495554562173000 0.00032995510689228679
1665 -0.25585100110010439000 0.00032995510689228679
1666 -0.25615703754826602000 0.00032995510689228679
1667 -0.25646306492970783000 0.00032995510689228679
1668 -0.25676908328403147000 0.00032995510689228679
1669 -0.25707509265083794000 0.00032995510689228679
1670 -0.25738109306972867000 0.00032995510689228679
1671 -0.25768708458030476000 0.00032995510689228679
1672 -0.25799306722216786000 0.00032995510689228679
1673 -0.25829904103491896000 0.00032995510689228679
1674 -0.25860500605815939000 0.00032995510689228679
1675 -0.25891096233149058000 0.00032995510689228679
1676 -0.25921690989451374000 0.00032995510689228679
1677 -0.25952284878683030000 0.00032995510689228679
1678 -0.25982877904804136000 0.00032995510689228679
1679 -0.26013470071774836000 0.00032995510689228679
1680 -0.26044061383555250000 0.00032995510689228679
1681 -0.26074651844105523000 0.00032995510689228679
1682 -0.26105241457385764000 0.00032995510689228679
1683 -0.26135830227356116000 0.00032995510689228679
1684 -0.26166418157976701000 0.00032995510689228679
1685 -0.26197005253207650000 0.00032995510689228679
1686 -0.26227591517009097000 0.00032995510689228679
1687 -0.26258176953341172000 0.00032995510689228679
1688 -0.26288761566163998000 0.00032995510689228679
1689 -0.26319345359437718000 0.00032995510689228679
1690 -0.26349928337122441000 0.00032995510689228679
1691 -0.26380510503178323000 0.00032995510689228679
1692 -0.26411091861565483000 0.00032995510689228679
1693 -0.26441672416244033000 0.00032995510689228679
1694 -0.26472252171174127000 0.00032995510689228679
1695 -0.26502831130315874000 0.00032995510689228679
1696 -0.26533409297629418000 0.00032995510689228679
1697 -0.26563986677074891000 0.00032995510689228679
1698 -0.26594563272612415000 0.00032995510689228679
1699 -0.26625139088202121000 0.00032995510689228679
1700 -0.26655714127804131000 0.00032995510689228679
1701 -0.26686288395378588000 0.00032995510689228679
1702 -0.26716861894885624000 0.00032995510689228679
1703 -0.26747434630285361000 0.00032995510689228679
1704 -0.26778006605537918000 0.00032995510689228679
1705 -0.26808577824603441000 0.00032995510689228679
1706 -0.26839148291442050000 0.00032995510689228679
1707 -0.26869718010013877000 0.00032995510689228679
1708 -0.26900286984279065000 0.00032995510689228679
1709 -0.26930855218197725000 0.00032995510689228679
1710 -0.26961422715729988000 0.00032995510689228679
1711 -0.26991989480836009000 0.00032995510689228679
1712 -0.27022555517475888000 0.00032995510689228679
1713 -0.27053120829609767000 0.00032995510689228679
1714 -0.27083685421197767000 0.00032995510689228679
1715 -0.27114249296200021000 0.00032995510689228679
1716 -0.27144812458576673000 0.00032995510689228679
1717 -0.27175374912287831000 0.00032995510689228679
1718 -0.27205936661293639000 0.00032995510689228679
1719 -0.27236497709554242000 0.00032995510689228679
1720 -0.27267058061029725000 0.00032995510689228679
1721 -0.27297617719680256000 0.00032995510689228679
1722 -0.27328176689465944000 0.00032995510689228679
1723 -0.27358734974346943000 0.00032995510689228679
1724 -0.27389292578283353000 0.00032995510689228679
1725 -0.27419849505235316000 0.00032995510689228679
1726 -0.27450405759162966000 0.00032995510689228679
1727 -0.27480961344026433000 0.00032995510689228679
1728 -0.27511516263785840000 0.00032995510689228679
1729 -0.27542070522401330000 0.00032995510689228679
1730 -0.27572624123833012000 0.00032995510689228679
1731 -0.27603177072041030000 0.00032995510689228679
1732 -0.27633729370985505000 0.00032995510689228679
1733 -0.27664281024626569000 0.00032995510689228679
1734 -0.27694832036924366000 0.00032995510689228679
1735 -0.27725382411839017000 0.00032995510689228679
1736 -0.27755932153330631000 0.00032995510689228679
1737 -0.27786481265359375000 0.00032995510689228679
1738 -0.27817029751885347000 0.00032995510689228679
1739 -0.27847577616868691000 0.00032995510689228679
1740 -0.27878124864269538000 0.00032995510689228679
1741 -0.27908671498048010000 0.00032995510689228679
1742 -0.27939217522164250000 0.00032995510689228679
1743 -0.27969762940578358000 0.00032995510689228679
1744 -0.28000307757250509000 0.00032995510689228679
1745 -0.28030851976140791000 0.00032995510689228679
1746 -0.28061395601209360000 0.00032995510689228679
1747 -0.28091938636416325000 0.00032995510689228679
1748 -0.28122481085721840000 0.00032995510689228679
1749 -0.28153022953086015000 0.00032995510689228679
1750 -0.28183564242468995000 0.00032995510689228679
1751 -0.28214104957830888000 0.00032995510689228679
1752 -0.28244645103131849000 0.00032995510689228679
1753 -0.28275184682331989000 0.00032995510689228679
1754 -0.28305723699391450000 0.00032995510689228679
1755 -0.28336262158270353000 0.00032995510689228679
1756 -0.28366800062928821000 0.00032995510689228679
1757 -0.28397337417327007000 0.00032995510689228679
1758 -0.28427874225425021000 0.00032995510689228679
1759 -0.28458410491182995000 0.00032995510689228679
1760 -0.28488946218561073000 0.00032995510689228679
1761 -0.28519481411519365000 0.00032995510689228679
1762 -0.28550016074018014000 0.00032995510689228679
1763 -0.28580550210017153000 0.00032995510689228679
1764 -0.28611083823476890000 0.00032995510689228679
1765 -0.28641616918357371000 0.00032995510689228679
1766 -0.28672149498618726000 0.00032995510689228679
1767 -0.28702681568221078000 0.00032995510689228679
1768 -0.28733213131124569000 0.00032995510689228679
1769 -0.28763744191289320000 0.00032995510689228679
1770 -0.28794274752675453000 0.00032995510689228679
1771 -0.28824804819243111000 0.00032995510689228679
1772 -0.28855334394952425000 0.00032995510689228679
1773 -0.28885863483763508000 0.00032995510689228679
1774 -0.28916392089636500000 0.00032995510689228679
1775 -0.28946920216531546000 0.00032995510689228679
1776 -0.28977447868408746000 0.00032995510689228679
1777 -0.29007975049228252000 0.00032995510689228679
1778 -0.29038501762950175000 0.00032995510689228679
1779 -0.29069028013534659000 0.00032995510689228679
1780 -0.29099553804941847000 0.00032995510689228679
1781 -0.29130079141131826000 0.00032995510689228679
1782 -0.29160604026064774000 0.00032995510689228679
1783 -0.29191128463700777000 0.00032995510689228679
1784 -0.29221652458000003000 0.00032995510689228679
1785 -0.29252176012922548000 0.00032995510689228679
1786 -0.29282699132428580000 0.00032995510689228679
1787 -0.29313221820478197000 0.00032995510689228679
1788 -0.29343744081031531000 0.00032995510689228679
1789 -0.29374265918048725000 0.00032995510689228679
1790 -0.29404787335489901000 0.00032995510689228679
1791 -0.29435308337315202000 0.00032995510689228679
1792 -0.29465828927484738000 0.00032995510689228679
1793 -0.29496349109958642000 0.00032995510689228679
1794 -0.29526868888697055000 0.00032995510689228679
1795 -0.29557388267660101000 0.00032995510689228679
1796 -0.29587907250807910000 0.00032995510689228679
1797 -0.29618425842100604000 0.00032995510689228679
1798 -0.29648944045498327000 0.00032995510689228679
1799 -0.29679461864961199000 0.00032995510689228679
